,Movie Name,Imdb Ratings,Genre,Run Time,Director,Stars,Votes,Certificate
0,Snow White and the Seven Dwarfs (1937),7.6,"Animation, Family, Fantasy",83 min,William Cottrell,"David Hand,Wilfred Jackson,Larry Morey,Perce Pearce,Ben Sharpsteen,Adriana Caselotti,Harry Stockwell,Lucille La Verne,Roy Atwell,","181,664",U
1,Pinocchio (1940),7.4,"Animation, Comedy, Family",88 min,Norman Ferguson,"T. Hee,Wilfred Jackson,Jack Kinney,Hamilton Luske,Bill Roberts,Ben Sharpsteen,Dickie Jones,Christian Rub,Mel Blanc,Billy Bletcher,","131,447",G
2,Fantasia (1940),7.7,"Animation, Family, Fantasy",125 min,James Algar,"Samuel Armstrong,Ford Beebe Jr.,Norman Ferguson,David Hand,Jim Handley,T. Hee,Wilfred Jackson,Hamilton Luske,Bill Roberts,Paul Satterfield,Ben Sharpsteen,Leopold Stokowski,Deems Taylor,The Philadelphia Orchestra,Corey Burton,","88,692",
3,The Reluctant Dragon (I) (1941),6.9,"Animation, Comedy, Family",74 min,Alfred L. Werker,"Hamilton Luske,Jack Cutting,Ub Iwerks,Jack Kinney,Robert Benchley,Frances Gifford,Buddy Pepper,Nana Bryant,","2,791",
4,Dumbo (1941),7.2,"Animation, Drama, Family",64 min,Samuel Armstrong,"Norman Ferguson,Wilfred Jackson,Jack Kinney,Bill Roberts,Ben Sharpsteen,John Elliotte,Sterling Holloway,Edward Brophy,Herman Bing,Mel Blanc,","119,841",G
5,Bambi (1942),7.3,"Animation, Drama, Family",70 min,James Algar,"Samuel Armstrong,David Hand,Graham Heid,Bill Roberts,Paul Satterfield,Norman Wright,Arthur Davis,Clyde Geronimi,Hardie Albright,Stan Alexander,Bobette Audrey,Peter Behn,","131,393",U
6,Saludos Amigos (1942),6.1,"Animation, Short, Adventure",42 min,Wilfred Jackson,"Jack Kinney,Hamilton Luske,Bill Roberts,Norman Ferguson,Fred Shields,José Oliveira,Lee Blair,Mary Blair,","5,581",
7,Victory Through Air Power (1943),6.5,"Documentary, Animation, History",70 min,James Algar,"Clyde Geronimi,Jack Kinney,H.C. Potter,Alexander de Seversky,Art Baker,Billy Mitchell,",887,
8,The Three Caballeros (1944),6.4,"Animation, Comedy, Family",71 min,Norman Ferguson,"Clyde Geronimi,Jack Kinney,Bill Roberts,Harold Young,Aurora Miranda,Carmen Molina,Dora Luz,Sterling Holloway,","12,489",
9,Make Mine Music (1946),6.3,"Animation, Adventure, Comedy",75 min,Robert Cormack,"Clyde Geronimi,Jack Kinney,Hamilton Luske,Joshua Meador,Nelson Eddy,Dinah Shore,Benny Goodman,The Andrews Sisters,","3,765",
10,Song of the South (1946),7.1,"Animation, Comedy, Family",94 min,Harve Foster,"Wilfred Jackson,Ruth Warrick,Bobby Driscoll,James Baskett,Luana Patten,","11,380",G
11,Fun & Fancy Free (1947),6.6,"Animation, Adventure, Comedy",73 min,Jack Kinney,"Hamilton Luske,William Morgan,Bill Roberts,Edgar Bergen,Dinah Shore,Luana Patten,Anita Gordon,","7,170",
12,So Dear to My Heart (1948),6.8,"Animation, Drama, Family",79 min,Harold D. Schuster,"Hamilton Luske,Burl Ives,Beulah Bondi,Bobby Driscoll,Luana Patten,","1,297",
13,Melody Time (1948),6.3,"Animation, Comedy, Family",75 min,Clyde Geronimi,"Wilfred Jackson,Jack Kinney,Hamilton Luske,Roy Rogers,Trigger,Dennis Day,The Andrews Sisters,","5,092",
14,The Adventures of Ichabod and Mr,7,"Animation, Comedy, Family",68 min,James Algar,"Clyde Geronimi,Jack Kinney,Bing Crosby,Basil Rathbone,Eric Blore,John McLeish,","13,261",
15,Treasure Island (1950),6.9,"Adventure, Family",96 min,Byron Haskin,"Bobby Driscoll,Robert Newton,Basil Sydney,Walter Fitzgerald,","7,226",
16,Cinderella (1950),7.3,"Animation, Family, Fantasy",74 min,Clyde Geronimi,"Wilfred Jackson,Hamilton Luske,Ilene Woods,James MacDonald,Eleanor Audley,Verna Felton,","145,913",G
17,Alice in Wonderland (1951),7.4,"Animation, Adventure, Family",75 min,Clyde Geronimi,"Wilfred Jackson,Hamilton Luske,Jack Kinney,Kathryn Beaumont,Ed Wynn,Richard Haydn,Sterling Holloway,","129,063",
18,The Story of Robin Hood and His Merrie Men (1952),6.7,"Action, Adventure, Family",84 min,Ken Annakin,"Richard Todd,Joan Rice,Peter Finch,James Hayter,","1,553",
19,Peter Pan (1953),7.3,"Animation, Adventure, Family",77 min,Clyde Geronimi,"Wilfred Jackson,Hamilton Luske,Jack Kinney,Bobby Driscoll,Kathryn Beaumont,Hans Conried,Bill Thompson,","126,797",U
20,Rob Roy: The Highland Rogue (1953),6.3,"Adventure, Biography, Drama",81 min,Harold French,"Richard Todd,Glynis Johns,James Robertson Justice,Michael Gough,",504,
21,The Sword and the Rose (1953),6.4,"Adventure, Drama, Family",92 min,Ken Annakin,"Richard Todd,Glynis Johns,James Robertson Justice,Michael Gough,",754,
22,"20,000 Leagues Under the Sea (1954)",7.2,"Adventure, Drama, Family",127 min,Richard Fleischer,"Kirk Douglas,James Mason,Paul Lukas,Peter Lorre,","29,432",
23,Lady and the Tramp (1955),7.3,"Animation, Adventure, Comedy",76 min,Clyde Geronimi,"Wilfred Jackson,Hamilton Luske,Jack Cutting,Barbara Luddy,Larry Roberts,Peggy Lee,Bill Thompson,","123,137",G
24,The Littlest Outlaw (1955),6.2,"Drama, Family",73 min,Roberto Gavaldón,"Pedro Armendáriz,Joseph Calleia,Rodolfo Acosta,Andrés Velázquez,",205,
25,Davy Crockett: King of the Wild Frontier (1955),7,"Adventure, Drama, Family",93 min,Norman Foster,"Fess Parker,Buddy Ebsen,Basil Ruysdael,Hans Conried,","3,665",
26,"Westward Ho, the Wagons! (1956)",5.8,"Family, Western",90 min,William Beaudine,"Fess Parker,Kathleen Crowley,Jeff York,David Stollery,",292,
27,Davy Crockett and the River Pirates (1956),6.7,"Adventure, Comedy, Drama",81 min,Norman Foster,"Fess Parker,Buddy Ebsen,Jeff York,Kenneth Tobey,","1,795",
28,The Great Locomotive Chase (1956),6.9,"Action, Adventure, Family",85 min,Francis D. Lyon,"Fess Parker,Jeffrey Hunter,Jeff York,John Lupton,","1,056",
29,Old Yeller (1957),7.3,"Adventure, Drama, Family",83 min,Robert Stevenson,"Dorothy McGuire,Fess Parker,Tommy Kirk,Jeff York,","11,911",
30,Johnny Tremain (1957),6.5,"Adventure, Family, History",80 min,Robert Stevenson,"Hal Stalmaster,Luana Patten,Jeff York,Sebastian Cabot,","1,601",
31,Tonka (1958),6.4,"Adventure, Drama, Family",97 min,Lewis R. Foster,"Sal Mineo,Philip Carey,Jerome Courtland,H.M. Wynant,",381,
32,The Light in the Forest (1958),6.5,"Adventure, Drama, Family",83 min,Herschel Daugherty,"Fess Parker,Wendell Corey,Joanne Dru,James MacArthur,",532,
33,The Shaggy Dog (1959),6.5,"Comedy, Family, Fantasy",104 min,Charles Barton,"Fred MacMurray,Jean Hagen,Tommy Kirk,Annette Funicello,","4,438",
34,Sleeping Beauty (1959),7.2,"Animation, Family, Fantasy",75 min,Clyde Geronimi,"Les Clark,Hamilton Luske,Wolfgang Reitherman,Mary Costa,Bill Shirley,Eleanor Audley,Verna Felton,","135,487",G
35,Third Man on the Mountain (1959),7.1,"Adventure, Drama, Family",107 min,Ken Annakin,"Michael Rennie,James MacArthur,Janet Munro,James Donald,",807,
36,Darby O'Gill and the Little People (1959),7.2,"Adventure, Family, Fantasy",93 min,Robert Stevenson,"Albert Sharpe,Janet Munro,Sean Connery,Jimmy O'Dea,","7,142",G
37,Swiss Family Robinson (1960),7.2,"Adventure, Family",126 min,Ken Annakin,"John Mills,Dorothy McGuire,James MacArthur,Janet Munro,","14,260",G
38,Ten Who Dared (1960),5.7,"Adventure, Family, Western",92 min,William Beaudine,"Brian Keith,John Beal,James Drury,R.G. Armstrong,",208,
39,Kidnapped (II) (1959),6.6,"Action, Adventure, Drama",97 min,Robert Stevenson,"Peter Finch,James MacArthur,Bernard Lee,John Laurie,","1,294",
40,Toby Tyler or Ten Weeks with a Circus (1960),7,"Drama, Family",96 min,Charles Barton,"Kevin Corcoran,Henry Calvin,Gene Sheldon,Bob Sweeney,",856,
41,Pollyanna (1960),7.4,"Comedy, Drama, Family",134 min,David Swift,"Jane Wyman,Hayley Mills,Richard Egan,Karl Malden,","9,189",
42,The Sign of Zorro (1958),7.1,"Adventure, Drama, Family",91 min,Lewis R. Foster,"Norman Foster,Guy Williams,Henry Calvin,Gene Sheldon,Romney Brent,",806,G
43,The Absent Minded Professor (1961),6.8,"Comedy, Family, Sci-Fi",92 min,Robert Stevenson,"Fred MacMurray,Nancy Olson,Keenan Wynn,Tommy Kirk,","7,421",
44,Greyfriars Bobby: The True Story of a Dog (1961),7.3,"Drama, Family",91 min,Don Chaffey,"Donald Crisp,Laurence Naismith,Alex Mackenzie,Duncan Macrae,","1,353",
45,The Parent Trap (1961),7.1,"Comedy, Family, Romance",129 min,David Swift,"Hayley Mills,Maureen O'Hara,Brian Keith,Charles Ruggles,","18,990",U
46,Babes in Toyland (1961),6.3,"Comedy, Family, Fantasy",106 min,Jack Donohue,"Ray Bolger,Tommy Sands,Annette Funicello,Ed Wynn,","3,546",
47,One Hundred and One Dalmatians (1961),7.3,"Animation, Adventure, Comedy",79 min,Clyde Geronimi,"Hamilton Luske,Wolfgang Reitherman,Rod Taylor,Betty Lou Gerson,J. Pat O'Malley,Martha Wentworth,","152,994",
48,In Search of the Castaways (1962),6.6,"Adventure, Family, Fantasy",98 min,Robert Stevenson,"Hayley Mills,Maurice Chevalier,George Sanders,Wilfrid Hyde-White,","2,827",
49,The Legend of Lobo (1962),7,"Adventure, Family",67 min,Rex Allen,"Ingvald Lieberkind,Robert Dalban,",457,
50,Almost Angels (1962),6.5,"Comedy, Family, Music",93 min,Steve Previn,"Vincent Winter,Sean Scully,Peter Weck,Hans Holt,",428,
51,Big Red (1962),6.4,"Adventure, Drama, Family",89 min,Norman Tokar,"Walter Pidgeon,Gilles Payant,Émile Genest,Janette Bertrand,",678,
52,Moon Pilot (1962),5.4,"Family, Comedy, Sci-Fi",98 min,James Neilson,"Tom Tryon,Brian Keith,Edmond O'Brien,Dany Saval,",394,
53,Bon Voyage! (1962),5.8,"Family, Comedy, Adventure",130 min,James Neilson,"Fred MacMurray,Jane Wyman,Michael Callan,Deborah Walley,",573,
54,Miracle of the White Stallions (1963),6.6,"Adventure, Drama, Family",118 min,Arthur Hiller,"Robert Taylor,Lilli Palmer,Curd Jürgens,Eddie Albert,",600,
55,Summer Magic (1963),7.1,"Comedy, Family, Musical",110 min,James Neilson,"Hayley Mills,Dorothy McGuire,Burl Ives,Deborah Walley,","2,164",
56,Savage Sam (1963),6.2,"Adventure, Drama, Family",103 min,Norman Tokar,"Brian Keith,Tommy Kirk,Kevin Corcoran,Dewey Martin,",947,
57,The Incredible Journey (1963),7.1,"Adventure, Drama, Family",80 min,Fletcher Markle,"Émile Genest,John Drainie,Tommy Tweed,Sandra Scott,","4,069",
58,The Sword in the Stone (1963),7.2,"Animation, Adventure, Comedy",79 min,Wolfgang Reitherman,"Clyde Geronimi,David Hand,Rickie Sorensen,Sebastian Cabot,Karl Swenson,Junius Matthews,","89,701",U
59,Son of Flubber (1963),6.1,"Comedy, Sci-Fi, Family",100 min,Robert Stevenson,"Fred MacMurray,Nancy Olson,Keenan Wynn,Tommy Kirk,","2,674",
60,Mary Poppins (1964),7.8,"Comedy, Family, Fantasy",139 min,Robert Stevenson,"Julie Andrews,Dick Van Dyke,David Tomlinson,Glynis Johns,","158,082",U
61,A Tiger Walks (1964),6.4,"Family, Drama",91 min,Norman Tokar,"Brian Keith,Vera Miles,Pamela Franklin,Sabu,",293,
62,The Misadventures of Merlin Jones (1964),6.4,"Family, Comedy, Sci-Fi",91 min,Robert Stevenson,"Tommy Kirk,Annette Funicello,Leon Ames,Stuart Erwin,",655,
63,The Three Lives of Thomasina (1963),7.2,"Drama, Family",97 min,Don Chaffey,"Patrick McGoohan,Susan Hampshire,Laurence Naismith,Jean Anderson,","2,145",PG
64,The Moon-Spinners (1964),6.7,"Adventure, Family, Mystery",118 min,James Neilson,"Hayley Mills,Eli Wallach,Pola Negri,Peter McEnery,","2,252",
65,Emil and the Detectives (1964),6.2,"Comedy, Family, Drama",99 min,Peter Tewksbury,"Walter Slezak,Bryan Russell,Roger Mobley,Heinz Schubert,",530,
66,That Darn Cat! (1965),6.8,"Comedy, Crime, Family",116 min,Robert Stevenson,"Hayley Mills,Dean Jones,Dorothy Provine,Roddy McDowall,","6,072",
67,The Monkey's Uncle (1965),6.1,"Family, Comedy, Sci-Fi",87 min,Robert Stevenson,"Tommy Kirk,Annette Funicello,Leon Ames,Arthur O'Connell,",755,
68,Those Calloways (1965),6.7,"Drama, Family",131 min,Norman Tokar,"Brian Keith,Vera Miles,Brandon De Wilde,Walter Brennan,",563,
69,The Ugly Dachshund (1966),6.7,"Comedy, Family",93 min,Norman Tokar,"Dean Jones,Suzanne Pleshette,Charles Ruggles,Kelly Thordsen,","3,628",
70,"Follow Me, Boys! (1966)",7.2,"Drama, Family",131 min,Norman Tokar,"Fred MacMurray,Vera Miles,Lillian Gish,Charles Ruggles,","2,111",
71,The Fighting Prince of Donegal (1966),6.2,"Adventure, Biography, Family",110 min,Michael O'Herlihy,"Peter McEnery,Susan Hampshire,Tom Adams,Gordon Jackson,",341,
72,Lt,6.1,"Adventure, Comedy, Family",110 min,Byron Paul,"Dick Van Dyke,Nancy Kwan,Akim Tamiroff,Arthur Malet,","1,243",
73,The Jungle Book (1967),7.6,"Animation, Adventure, Family",78 min,Wolfgang Reitherman,"Phil Harris,Sebastian Cabot,Louis Prima,Bruce Reitherman,","166,467",U
74,The Happiest Millionaire (1967),6.8,"Comedy, Family, Musical",141 min,Norman Tokar,"Fred MacMurray,Tommy Steele,Greer Garson,Gladys Cooper,","1,796",
75,"Charlie, the Lonesome Cougar (1967)",6.9,"Adventure, Family",75 min,Winston Hibler,"Ron Brown,Brian Russell,Linda Wallace,Jim Wilson,",792,
76,The Gnome-Mobile (1967),6.6,"Adventure, Family, Fantasy",84 min,Robert Stevenson,"Walter Brennan,Matthew Garber,Karen Dotrice,Richard Deacon,","1,981",
77,The Adventures of Bullwhip Griffin (1967),6.5,"Action, Adventure, Comedy",108 min,James Neilson,"Roddy McDowall,Suzanne Pleshette,Karl Malden,Harry Guardino,",803,
78,"Monkeys, Go Home! (1967)",5.9,"Comedy, Family",101 min,Andrew V. McLaglen,"Maurice Chevalier,Dean Jones,Yvette Mimieux,Bernard Woringer,",444,
79,Never a Dull Moment (1968),6.2,"Family, Comedy, Crime",99 min,Jerry Paris,"Dick Van Dyke,Edward G. Robinson,Dorothy Provine,Henry Silva,",621,G
80,Blackbeard's Ghost (1968),6.9,"Comedy, Family, Fantasy",106 min,Robert Stevenson,"Peter Ustinov,Dean Jones,Suzanne Pleshette,Elsa Lanchester,","5,290",
81,The Love Bug (1968),6.5,"Comedy, Family, Sport",108 min,Robert Stevenson,"Dean Jones,Michele Lee,David Tomlinson,Buddy Hackett,","14,426",
82,"The One and Only, Genuine, Original Family Band (1968)",6.5,"Comedy, Drama, Family",110 min,Michael O'Herlihy,"Walter Brennan,Buddy Ebsen,Lesley Ann Warren,John Davidson,",800,
83,The Horse in the Gray Flannel Suit (1968),6.5,"Family, Comedy, Drama",113 min,Norman Tokar,"Dean Jones,Diane Baker,Lloyd Bochner,Fred Clark,",877,
84,The Horse in the Gray Flannel Suit (1968),6.5,"Family, Comedy, Drama",113 min,Norman Tokar,"Dean Jones,Diane Baker,Lloyd Bochner,Fred Clark,",877,
85,The Computer Wore Tennis Shoes (1969),6.1,"Comedy, Family, Sci-Fi",91 min,Robert Butler,"Kurt Russell,Cesar Romero,Joe Flynn,William Schallert,","4,591",
86,Rascal (1969),6.5,"Drama, Family",85 min,Norman Tokar,"Steve Forrest,Bill Mumy,Pamela Toll,Elsa Lanchester,",406,
87,Smith! (1969),5.9,"Drama, Family, Western",112 min,Michael O'Herlihy,"Glenn Ford,Nancy Olson,Dean Jagger,Keenan Wynn,",202,
88,Smoke (1970 TV Movie),6.7,"Adventure, Family, Drama",89 min,Vincent McEveety,"Earl Holliman,Ron Howard,Jacqueline Scott,Shug Fisher,",119,
89,The Aristo Cats (1970),7.1,"Animation, Adventure, Comedy",78 min,Wolfgang Reitherman,"Phil Harris,Eva Gabor,Sterling Holloway,Scatman Crothers,","94,028",U
90,The Wild Country (1970),6.4,"Action, Adventure, Comedy",100 min,Robert Totten,"Steve Forrest,Vera Miles,Ron Howard,Clint Howard,",258,
91,King of the Grizzlies (1970),5.8,"Western, Family",93 min,Ron Kelly,"John Yesno,Chris Wiggins,Hugh Webster,Jack Van Evera,",148,
92,The Boatniks (1970),5.5,"Family, Comedy",99 min,Norman Tokar,"Robert Morse,Stefanie Powers,Phil Silvers,Norman Fell,",676,
93,The Million Dollar Duck (1971),5.9,"Comedy, Family, Sci-Fi",89 min,Vincent McEveety,"Dean Jones,Sandy Duncan,Joe Flynn,Tony Roberts,","2,034",
94,Bedknobs and Broomsticks (1971),7.1,"Animation, Adventure, Comedy",117 min,Robert Stevenson,"Ward Kimball,Angela Lansbury,David Tomlinson,Roddy McDowall,Sam Jaffe,","34,205",
95,Scandalous John (1971),6,"Comedy, Drama, Family",113 min,Robert Butler,"Brian Keith,Alfonso Arau,Michele Carey,Rick Lenz,",106,
96,The Barefoot Executive (1971),6,"Family, Comedy",96 min,Robert Butler,"Kurt Russell,Joe Flynn,Harry Morgan,Wally Cox,","1,678",
97,"Chandar, the Black Leopard of Ceylon (1972)",6.6,"Adventure, Family",90 min,Winston Hibler,"Ben Wright,Joe Abeywickrama,Esrom Jayasinghe,Frederick Steyne,",21,
98,"Run, Cougar, Run (1972)",6.5,"Drama, Family, Western",87 min,Jerome Courtland,"Stuart Whitman,Frank Aletter,Lonny Chapman,Douglas Fowley,",74,
99,Napoleon and Samantha (1972),6.1,"Adventure, Drama",92 min,Bernard McEveety,"Michael Douglas,Jodie Foster,Johnny Whitaker,Will Geer,",856,
100,Snowball Express (1972),,"Comedy, Family",93 min,Norman Tokar,"Dean Jones,Nancy Olson,Harry Morgan,Keenan Wynn,","1,542",
101,The Biscuit Eater (1972),5.7,"Drama, Family",90 min,Vincent McEveety,"Earl Holliman,Pat Crowley,Lew Ayres,Godfrey Cambridge,",354,
102,"Now You See Him, Now You Don't (1972)",6.3,"Family, Comedy, Sci-Fi",88 min,Robert Butler,"Kurt Russell,Cesar Romero,Joe Flynn,Jim Backus,","1,798",
103,The World's Greatest Athlete (1973),5.8,"Comedy, Family, Romance",93 min,Robert Scheerer,"John Amos,Jan-Michael Vincent,Tim Conway,Roscoe Lee Browne,","1,449",
104,Charley and the Angel (1973),6.2,"Family, Comedy, Fantasy",93 min,Vincent McEveety,"Fred MacMurray,Cloris Leachman,Harry Morgan,Kurt Russell,",466,
105,One Little Indian (1973),6.3,"Comedy, Family, Western",90 min,Bernard McEveety,"James Garner,Vera Miles,Pat Hingle,Morgan Woodward,",538,
106,Mustang (1973),7.4,Drama,,Roy Edward Disney,"Frank Zuniga,Charles Baca,Flavio Martinez,Ignacio Ramírez,Eloy Casados,",25,
107,Superdad (1973),5.3,"Comedy, Family",96 min,Vincent McEveety,"Bob Crane,Kurt Russell,Barbara Rush,Joe Flynn,",644,
108,Robin Hood (1973),7.6,"Animation, Adventure, Comedy",83 min,Wolfgang Reitherman,"David Hand,Brian Bedford,Phil Harris,Roger Miller,Peter Ustinov,","115,841",U
109,The Island at the Top of the World (1974),6.3,"Adventure, Family, Fantasy",93 min,Robert Stevenson,"David Hartman,Donald Sinden,Jacques Marin,Mako,","2,391",
110,The Castaway Cowboy (1974),6,"Comedy, Family, Western",91 min,Vincent McEveety,"James Garner,Vera Miles,Robert Culp,Eric Shea,",542,
111,The Bears and I (1974),6.2,"Drama, Family",89 min,Bernard McEveety,"Patrick Wayne,Chief Dan George,Andrew Duggan,Michael Ansara,",328,
112,Herbie Rides Again (1974),5.7,"Comedy, Family, Fantasy",88 min,Robert Stevenson,"Helen Hayes,Ken Berry,Stefanie Powers,John McIntire,","7,417",
113,Ride a Wild Pony (1975),6.3,"Adventure, Family",91 min,Don Chaffey,"Michael Craig,John Meillon,Robert Bettles,Eva Griffith,",167,
114,The Boy Who Talked to Badgers (1975),6.1,"Adventure, Family",89 min,Gary Nelson,"Christian Juttner,Carl Betz,Salome Jens,Denver Pyle,",72,
115,One of Our Dinosaurs Is Missing (1975),6,"Family, Adventure, Comedy",100 min,Robert Stevenson,"Peter Ustinov,Helen Hayes,Derek Nimmo,Hugh Burden,","1,608",
116,One of Our Dinosaurs Is Missing (1975),6,"Family, Adventure, Comedy",100 min,Robert Stevenson,"Peter Ustinov,Helen Hayes,Derek Nimmo,Hugh Burden,","1,608",
117,Escape to Witch Mountain (1975),6.4,"Adventure, Family, Fantasy",97 min,John Hough,"Eddie Albert,Ray Milland,Donald Pleasence,Kim Richards,","9,319",U
118,The Apple Dumpling Gang (1975),6.5,"Comedy, Family, Western",100 min,Norman Tokar,"Bill Bixby,Susan Clark,Don Knotts,Tim Conway,","5,114",
119,The Strongest Man in the World (1975),6.1,"Comedy, Family, Sci-Fi",92 min,Vincent McEveety,"Kurt Russell,Joe Flynn,Eve Arden,Cesar Romero,","2,786",
120,The Shaggy D,5.9,"Comedy, Family, Fantasy",91 min,Robert Stevenson,"Dean Jones,Suzanne Pleshette,Tim Conway,Keenan Wynn,","2,672",
121,Treasure of Matecumbe (1976),6.2,"Adventure, Family, Western",117 min,Vincent McEveety,"Robert Foxworth,Joan Hackett,Peter Ustinov,Vic Morrow,",600,
122,"No Deposit, No Return (1976)",6.6,"Comedy, Family",112 min,Norman Tokar,"David Niven,Darren McGavin,Don Knotts,Herschel Bernardi,","1,339",
123,Freaky Friday (1976),6.3,"Comedy, Family, Fantasy",95 min,Gary Nelson,"Barbara Harris,Jodie Foster,John Astin,Patsy Kelly,","11,731",U
124,Gus (1976),5.9,"Comedy, Family, Sport",96 min,Vincent McEveety,"Edward Asner,Don Knotts,Gary Grimes,Tim Conway,","1,669",
125,Escape from the Dark (1976),7.1,"Family, Drama",104 min,Charles Jarrott,"Alastair Sim,Peter Barkworth,Maurice Colbourne,Susan Tebbs,",344,
126,Candleshoe (1977),6.8,"Adventure, Comedy, Drama",101 min,Norman Tokar,"Jodie Foster,David Niven,Helen Hayes,Leo McKern,","3,830",
127,The Rescuers (1977),6.9,"Animation, Adventure, Comedy",78 min,John Lounsbery,"Wolfgang Reitherman,Art Stevens,Bob Newhart,Eva Gabor,Geraldine Page,Joe Flynn,","58,384",
128,A Tale of Two Critters (1977),6.2,"Adventure, Family",48 min,Jack Speirs,"Mayf Nutter,",144,
129,The Many Adventures of Winnie the Pooh (1977),7.6,"Animation, Adventure, Comedy",74 min,John Lounsbery,"Wolfgang Reitherman,Ben Sharpsteen,Sebastian Cabot,Junius Matthews,Barbara Luddy,Howard Morris,","32,681",U
130,Herbie Goes to Monte Carlo (1977),5.7,"Action, Adventure, Comedy",105 min,Vincent McEveety,"Dean Jones,Don Knotts,Julie Sommars,Jacques Marin,","6,860",
131,Pete's Dragon (1977),6.4,"Animation, Adventure, Comedy",128 min,Don Chaffey,"Don Bluth,Sean Marshall,Helen Reddy,Jim Dale,Mickey Rooney,","22,454",
132,Hot Lead and Cold Feet (1978),6.2,"Action, Comedy, Family",90 min,Robert Butler,"Jim Dale,Darren McGavin,Karen Valentine,Don Knotts,","1,177",
133,Return from Witch Mountain (1978),5.8,"Family, Adventure, Sci-Fi",95 min,John Hough,"Bette Davis,Christopher Lee,Kim Richards,Ike Eisenmann,","4,532",U
134,The Cat from Outer Space (1978),6.1,"Comedy, Family, Sci-Fi",104 min,Norman Tokar,"Ken Berry,Sandy Duncan,Harry Morgan,Roddy McDowall,","4,534",
135,The Black Hole (1979),6,"Action, Sci-Fi",98 min,Gary Nelson,"Maximilian Schell,Anthony Perkins,Robert Forster,Joseph Bottoms,","23,434",
136,The Muppet Movie (1979),7.6,"Adventure, Comedy, Family",95 min,James Frawley,"Jim Henson,Frank Oz,Jerry Nelson,Richard Hunt,","32,810",U
137,The Spaceman and King Arthur (1979),5.3,"Comedy, Family, Adventure",93 min,Russ Mayberry,"Dennis Dugan,Jim Dale,Ron Moody,Kenneth More,","1,000",
138,The North Avenue Irregulars (1979),6.8,"Action, Comedy, Crime",100 min,Bruce Bilson,"Edward Herrmann,Barbara Harris,Susan Clark,Karen Valentine,","1,065",
139,The Apple Dumpling Gang Rides Again (1979),6.2,"Comedy, Family, Western",88 min,Vincent McEveety,"Tim Conway,Don Knotts,Tim Matheson,Kenneth Mars,","2,493",
140,The Last Flight of Noah's Ark (1980),5.8,"Adventure, Family",97 min,Charles Jarrott,"Elliott Gould,Geneviève Bujold,Ricky Schroder,Vincent Gardenia,","1,244",
141,The Watcher in the Woods (1980),6.3,"Family, Horror, Mystery",84 min,John Hough,"Vincent McEveety,Bette Davis,Lynn-Holly Johnson,Kyle Richards,Carroll Baker,","5,606",
142,Midnight Madness (1980),6.5,Comedy,112 min,Michael Nankin,"David Wechter,David Naughton,Debra Clinger,Joel Kenney,David Damas,","3,176",
143,Popeye (1980),5.3,"Adventure, Comedy, Family",114 min,Robert Altman,"Robin Williams,Shelley Duvall,Ray Walston,Paul Dooley,","29,502",
144,Herbie Goes Bananas (1980),5,"Adventure, Comedy, Family",100 min,Vincent McEveety,"Charles Martin Smith,Stephen W. Burns,Cloris Leachman,John Vernon,","5,210",
145,Dragonslayer (1981),6.7,"Action, Adventure, Fantasy",108 min,Matthew Robbins,"Peter MacNicol,Caitlin Clarke,Ralph Richardson,John Hallam,","15,094",U
146,Amy (1981),6.7,"Family, Drama",100 min,Vincent McEveety,"Jenny Agutter,Barry Newman,Kathleen Nolan,Chris Robinson,",348,
147,The Devil and Max Devlin (1981),5.1,"Comedy, Family, Fantasy",96 min,Steven Hilliard Stern,"Elliott Gould,Bill Cosby,Susan Anspach,Adam Rich,","1,148",
148,Condorman (1981),5.8,"Action, Adventure, Comedy",90 min,Charles Jarrott,"Michael Crawford,Oliver Reed,Barbara Carrera,James Hampton,","4,545",
149,The Fox and the Hound (1981),7.3,"Animation, Adventure, Drama",83 min,Ted Berman,"Richard Rich,Art Stevens,David Hand,Wolfgang Reitherman,Mickey Rooney,Kurt Russell,Pearl Bailey,Jack Albertson,","84,885",U
150,Tex (1982),6.5,Drama,103 min,Tim Hunter,"Matt Dillon,Jim Metzler,Meg Tilly,Bill McKinney,","1,976",
151,Night Crossing (1982),6.5,"Drama, Family, History",107 min,Delbert Mann,"John Hurt,Jane Alexander,Doug McKeon,Keith McKeon,","1,275",
152,TRON (1982),6.8,"Action, Adventure, Sci-Fi",96 min,Steven Lisberger,"Jeff Bridges,Bruce Boxleitner,David Warner,Cindy Morgan,","113,347",U
153,Tiger Town (1983 TV Movie),6.7,"Drama, Family, Sport",95 min,Alan Shapiro,"Bethany Carpenter,Lindsay Barr,Dave Bokas,Chris Bremer,",253,
154,Something Wicked This Way Comes (1983),6.8,"Fantasy, Mystery, Thriller",95 min,Jack Clayton,"Jason Robards,Jonathan Pryce,Diane Ladd,Royal Dano,","8,393",
155,Trenchcoat (1983),5.4,"Comedy, Mystery, Thriller",91 min,Michael Tuchner,"Margot Kidder,Robert Hays,David Suchet,Gila von Weitershausen,",447,
156,Never Cry Wolf (1983),7.5,"Adventure, Drama",105 min,Carroll Ballard,"Charles Martin Smith,Brian Dennehy,Zachary Ittimangnaq,Samson Jorah,","7,646",
157,Love Leads the Way: A True Story (1984 TV Movie),7.7,"Drama, Family, History",99 min,Delbert Mann,"Timothy Bottoms,Eva Marie Saint,Arthur Hill,Glynnis O'Connor,",185,
158,Where the Toys Come from (1984),6.2,"Animation, Adventure, Family",58 min,Theodore Thomas,"Sab Shimono,Erin Young,Jon Harvey,Larry Wright,",123,
159,Return to Oz (1985),6.8,"Adventure, Family, Fantasy",113 min,Walter Murch,"Fairuza Balk,Nicol Williamson,Jean Marsh,Piper Laurie,","24,713",U
160,The Black Cauldron (1985),6.4,"Animation, Action, Adventure",80 min,Ted Berman,"Richard Rich,Grant Bardsley,Freddie Jones,Susan Sheridan,Nigel Hawthorne,","31,806",U
161,The Journey of Natty Gann (1985),7.1,"Adventure, Family",101 min,Jeremy Kagan,"Meredith Salenger,John Cusack,Ray Wise,Lainie Kazan,","5,360",
162,One Magic Christmas (1985),6.5,"Family, Fantasy",89 min,Phillip Borsos,"Mary Steenburgen,Gary Basaraba,Harry Dean Stanton,Arthur Hill,","3,320",U
163,Disneyland (1954–1997)  Episode: I-Man (1986),6.2,"Adventure, Drama, Family",96 min,Corey Allen,"Scott Bakula,Ellen Bry,Joey Cramer,John Bloom,",273,
164,The Great Mouse Detective (1986),7.2,"Animation, Adventure, Family",74 min,Ron Clements,"Burny Mattinson,David Michener,John Musker,Vincent Price,Barrie Ingham,Val Bettin,Susanne Pollatschek,","45,106",U
165,Flight of the Navigator (1986),6.9,"Adventure, Comedy, Family",90 min,Randal Kleiser,"Joey Cramer,Paul Reubens,Cliff De Young,Veronica Cartwright,","44,313",U
166,The Parent Trap II (1986 TV Movie),6.3,"Family, Comedy",81 min,Ron Maxwell,"Hayley Mills,Tom Skerritt,Carrie Kei Heim,Bridgette Andersen,","1,933",
167,Benji the Hunted (1987),6.3,"Adventure, Family",88 min,Joe Camp,"Red Steagall,Frank Inn,Benjean,Nancy Francis,","2,791",
168,The Brave Little Toaster (1987),7.3,"Animation, Adventure, Family",90 min,Jerry Rees,"Jon Lovitz,Timothy Stack,Timothy E. Day,Thurl Ravenscroft,","23,598",
169,Oliver & Company (1988),6.7,"Animation, Adventure, Comedy",74 min,George Scribner,"Joey Lawrence,Billy Joel,Cheech Marin,Richard Mulligan,","43,938",U
170,The Man from Snowy River II (1988),6.6,"Adventure, Drama, Western",110 min,Geoff Burrowes,"Tom Burlinson,Sigrid Thornton,Brian Dennehy,Nicholas Eadie,","2,309",
171,Cheetah (1989),6.1,"Adventure, Drama, Family",83 min,Jeff Blyth,"Keith Coogan,Lucy Deakins,Colin Mothupi,Timothy Landfield,",923,
172,The Little Mermaid (1989),7.6,"Animation, Family, Fantasy",83 min,Ron Clements,"John Musker,Jodi Benson,Samuel E. Wright,Rene Auberjonois,Christopher Daniel Barnes,","237,772",U
173,"Honey, I Shrunk the Kids (1989)",6.4,"Adventure, Comedy, Family",93 min,Joe Johnston,"Rick Moranis,Matt Frewer,Marcia Strassman,Kristine Sutherland,","143,130",U
174,The Rescuers Down Under (1990),6.9,"Animation, Adventure, Crime",77 min,Hendel Butoy,"Mike Gabriel,Bob Newhart,Eva Gabor,John Candy,Tristan Rogers,","38,562",
175,Haakon Haakonsen (1990),6.7,"Adventure, Family",92 min,Nils Gaup,"Stian Smestad,Gabriel Byrne,Louisa Milwood-Haigh,Trond Peter Stamsø Munch,","2,549",
176,DuckTales the Movie: Treasure of the Lost Lamp (1990),6.9,"Animation, Adventure, Comedy",74 min,Bob Hathcock,"Alan Young,Christopher Lloyd,Terence McGovern,Russi Taylor,","25,003",
177,White Fang (I) (1991),6.7,"Adventure, Drama",107 min,Randal Kleiser,"Ethan Hawke,Klaus Maria Brandauer,Jed,Seymour Cassel,","19,646",
178,Wild Hearts Can't Be Broken (1991),7.3,"Drama, Family, Romance",88 min,Steve Miner,"Gabrielle Anwar,Michael Schoeffling,Cliff Robertson,Dylan Kussman,","4,782",
179,Beauty and the Beast (1991),8,"Animation, Family, Fantasy",84 min,Gary Trousdale,"Kirk Wise,Paige O'Hara,Robby Benson,Jesse Corti,Rex Everhart,","417,268",
180,The Rocketeer (1991),6.5,"Action, Adventure, Family",108 min,Joe Johnston,"Billy Campbell,Jennifer Connelly,Alan Arkin,Timothy Dalton,","53,090",U
181,The Muppet Christmas Carol (1992),7.7,"Comedy, Drama, Family",85 min,Brian Henson,"Michael Caine,Kermit the Frog,Dave Goelz,Miss Piggy,","50,312",
182,The Mighty Ducks (1992),6.5,"Comedy, Drama, Family",104 min,Stephen Herek,"Emilio Estevez,Joss Ackland,Lane Smith,Heidi Kling,","58,858",PG
183,Newsies (1992),7,"Drama, Family, History",121 min,Kenny Ortega,"Christian Bale,Bill Pullman,Robert Duvall,Ann-Margret,","18,974",PG
184,"Honey, I Blew Up the Kid (1992)",4.9,"Adventure, Comedy, Family",89 min,Randal Kleiser,"Rick Moranis,Marcia Strassman,Robert Oliveri,Daniel Shalikar,","41,339",U
185,Aladdin (1992),8,"Animation, Adventure, Comedy",90 min,Ron Clements,"John Musker,Scott Weinger,Robin Williams,Linda Larkin,Jonathan Freeman,","373,946",U
186,Cool Runnings (1993),7,"Adventure, Comedy, Family",98 min,Jon Turteltaub,"John Candy,Leon,Doug E. Doug,Rawle D. Lewis,","93,120",PG
187,Heidi (1993),7.2,"Drama, Family",193 min,Jason Robards,"Jane Seymour,Patricia Neal,Siân Phillips,","1,676",
188,The Adventures of Huck Finn (1993),6.2,"Adventure, Comedy, Drama",108 min,Stephen Sommers,"Elijah Wood,Courtney B. Vance,Robbie Coltrane,Jason Robards,","7,812",PG
189,The Nightmare Before Christmas (1993),8,"Animation, Family, Fantasy",76 min,Henry Selick,"Danny Elfman,Chris Sarandon,Catherine O'Hara,William Hickey,","300,305",U
190,A Far Off Place (1993),6.6,"Adventure, Drama, Family",100 min,Mikael Salomon,"Reese Witherspoon,Ethan Embry,Jack Thompson,Sarel Bok,","3,344",PG
191,Hocus Pocus (1993),6.9,"Comedy, Family, Fantasy",96 min,Kenny Ortega,"Bette Midler,Sarah Jessica Parker,Kathy Najimy,Omri Katz,","103,615",PG
192,The Three Musketeers (1993),6.4,"Action, Adventure, Comedy",105 min,Stephen Herek,"Charlie Sheen,Kiefer Sutherland,Chris O'Donnell,Oliver Platt,","50,683",PG
193,Homeward Bound: The Incredible Journey (1993),7,"Adventure, Comedy, Drama",84 min,Duwayne Dunham,"Michael J. Fox,Sally Field,Don Alder,Ed Bernard,","42,015",
194,White Fang 2: Myth of the White Wolf (1994),5.4,"Adventure, Family",106 min,Ken Olin,"Scott Bairstow,Charmaine Craig,Al Harrington,Anthony Ruivivar,","2,080",PG
195,D2: The Mighty Ducks (1994),6.1,"Comedy, Drama, Family",106 min,Sam Weisman,"Emilio Estevez,Kathryn Erbe,Michael Tucker,Jan Rubes,","36,675",PG
196,Angels in the Outfield (1994),6.2,"Comedy, Family, Fantasy",102 min,William Dear,"Danny Glover,Brenda Fricker,Tony Danza,Christopher Lloyd,","29,201",PG
197,The Santa Clause (1994),6.5,"Comedy, Drama, Family",97 min,John Pasquin,"Tim Allen,Judge Reinhold,Wendy Crewson,Eric Lloyd,","100,615",U
198,Squanto: A Warrior's Tale (1994),6,"Adventure, Biography, Drama",102 min,Xavier Koller,"Adam Beach,Mandy Patinkin,Sheldon Peters Wolfchild,Irene Bedard,","1,083",PG
199,The Jungle Book (1994),6,"Adventure, Family, Romance",111 min,Stephen Sommers,"Jason Scott Lee,Cary Elwes,Lena Headey,Sam Neill,","16,436",PG
200,Blank Check (1994),,"Comedy, Crime, Family",93 min,Rupert Wainwright,"Brian Bonsall,Karen Duffy,James Rebhorn,Jayne Atkinson,","19,029",PG
201,The Lion King (1994),,"Animation, Adventure, Drama",88 min,Roger Allers,"Rob Minkoff,Matthew Broderick,Jeremy Irons,James Earl Jones,Whoopi Goldberg,","942,440",U
202,Iron Will (1994),6.6,"Adventure, Family",108 min,Charles Haid,"Mackenzie Astin,Kevin Spacey,David Ogden Stiers,August Schellenberg,","7,585",PG
203,Gordy (1994),3.8,"Comedy, Drama, Family",90 min,Mark Lewis,"Kristy Young,Doug Stone,James Donadio,Deborah Hobart,","1,852",
204,Heavyweights (1995),6.7,"Comedy, Drama, Family",100 min,Steven Brill,"Tom McGowan,Aaron Schwartz,Ben Stiller,David Goldman,","25,318",PG
205,Tall Tale (1995),5.9,"Adventure, Family, Fantasy",96 min,Jeremiah S. Chechik,"Patrick Swayze,Oliver Platt,Roger Aaron Brown,Nick Stahl,","3,436",PG
206,Man of the House (1995),5.2,"Comedy, Family",96 min,James Orr,"Chevy Chase,Farrah Fawcett,Jonathan Taylor Thomas,George Wendt,","8,698",PG
207,Pocahontas (I) (1995),6.7,"Animation, Adventure, Drama",81 min,Mike Gabriel,"Eric Goldberg,Mel Gibson,Linda Hunt,Christian Bale,Joe Baker,","170,788",G
208,Operation Dumbo Drop (1995),5.1,"Action, Adventure, Comedy",107 min,Simon Wincer,"Danny Glover,Ray Liotta,Denis Leary,Doug E. Doug,","8,496",PG
209,A Kid in King Arthur's Court (1995),4.7,"Adventure, Comedy, Family",89 min,Michael Gottlieb,"Thomas Ian Nicholas,Joss Ackland,Art Malik,Paloma Baeza,","5,743",PG
210,The Big Green (1995),5.6,"Comedy, Family, Sport",100 min,Holly Goldberg Sloan,"Steve Guttenberg,Olivia d'Abo,Jay O. Sanders,John Terry,","9,289",PG
211,Tom and Huck (1995),5.5,"Adventure, Comedy, Drama",97 min,Peter Hewitt,"Jonathan Taylor Thomas,Brad Renfro,Charles Rocket,Eric Schweig,","9,908",PG
212,A Goofy Movie (1995),6.9,"Animation, Adventure, Comedy",78 min,Kevin Lima,"Bill Farmer,Jason Marsden,Jim Cummings,Kellie Martin,","46,267",
213,Toy Story (1995),8.3,"Animation, Adventure, Comedy",81 min,John Lasseter,"Tom Hanks,Tim Allen,Don Rickles,Jim Varney,","887,783",U
214,D3: The Mighty Ducks (1996),5.5,"Action, Comedy, Drama",104 min,Robert Lieberman,"Emilio Estevez,Jeffrey Nordling,David Selby,Heidi Kling,","24,734",PG
215,The Hunchback of Notre Dame (1996),6.9,"Animation, Drama, Family",91 min,Gary Trousdale,"Kirk Wise,Demi Moore,Jason Alexander,Mary Kay Bergman,Corey Burton,","142,179",
216,First Kid (1996),5.3,"Family, Comedy",101 min,David Mickey Evans,"Sinbad,Brock Pierce,Blake Boyd,Timothy Busfield,","10,228",PG
217,101 Dalmatians (1996),5.7,"Adventure, Comedy, Crime",103 min,Stephen Herek,"Glenn Close,Jeff Daniels,Joely Richardson,Joan Plowright,","101,458",
218,Muppet Treasure Island (1996),7,"Action, Adventure, Comedy",99 min,Brian Henson,"David Lane,Tim Curry,Billy Connolly,Jennifer Saunders,Kevin Bishop,","21,741",
219,James and the Giant Peach (1996),6.7,"Animation, Adventure, Family",79 min,Henry Selick,"Paul Terry,Joanna Lumley,Pete Postlethwaite,Simon Callow,","60,247",U
220,Homeward Bound II: Lost in San Francisco (1996),6,"Adventure, Comedy, Family",88 min,David R. Ellis,"Michael J. Fox,Sally Field,Ralph Waite,Al Michaels,","13,764",
221,That Darn Cat (1997),4.7,"Action, Comedy, Crime",89 min,Bob Spiers,"Christina Ricci,Doug E. Doug,Dean Jones,George Dzundza,","4,087",PG
222,The Wonderful World of Disney (1995–2005)  Episode: Angels in the Endzone (1997),4.7,"Adventure, Comedy, Drama",88 min,Gary Nadeau,"Paul Dooley,Matthew Lawrence,David Gallagher,Jack Coleman,",941,
223,The Wonderful World of Disney (1995–2005)  Episode: Oliver Twist (1997),6.3,"Adventure, Comedy, Drama",91 min,Tony Bill,"Richard Dreyfuss,Elijah Wood,David O'Hara,Alex Trench,","1,761",
224,George of the Jungle (1997),5.5,"Action, Adventure, Comedy",92 min,Sam Weisman,"Brendan Fraser,Leslie Mann,Thomas Haden Church,Richard Roundtree,","71,655",PG
225,Hercules (1997),7.3,"Animation, Adventure, Comedy",93 min,Ron Clements,"John Musker,Tate Donovan,Susan Egan,James Woods,Josh Keaton,","206,358",U
226,Tower of Terror,,"Horror, Thriller",,,,,
227,Flubber (1997),5.3,"Comedy, Family, Sci-Fi",93 min,Les Mayfield,"Robin Williams,Marcia Gay Harden,Christopher McDonald,Ted Levine,","84,501",U
228,Mr,4,"Adventure, Comedy, Family",87 min,Stanley Tong,"Leslie Nielsen,Kelly Lynch,Matt Keeslar,Nick Chinlund,","14,355",PG
229,Beauty and the Beast: The Enchanted Christmas (1997 Video),6,"Animation, Family, Fantasy",72 min,Andrew Knight,"Paige O'Hara,Robby Benson,Jerry Orbach,David Ogden Stiers,","9,280",G
230,Jungle 2 Jungle (1997),5.2,"Comedy, Family",105 min,John Pasquin,"Tim Allen,Martin Short,JoBeth Williams,Lolita Davidovich,","22,817",PG
231,RocketMan (1997),5.9,"Comedy, Family, Sci-Fi",95 min,Stuart Gillard,"Harland Williams,Jessica Lundy,William Sadler,Jeffrey DeMunn,","9,049",PG
232,Under Wraps (1997 TV Movie),6.5,"Comedy, Family, Horror",95 min,Greg Beeman,"Adam Wylie,Mario Yedidia,Clara Bryant,Ken Hudson Campbell,","2,551",
233,Northern Lights (1997 TV Movie),5.5,Drama,111 min,Linda Yellen,"Diane Keaton,Maury Chaykin,Joseph Cross,Kathleen York,",241,
234,Air Bud (1997),5.2,"Comedy, Drama, Family",98 min,Charles Martin Smith,"Michael Jeter,Kevin Zegers,Wendy Makkena,Bill Cobbs,","16,581",PG
235,You Lucky Dog (1998 TV Movie),4.7,"Comedy, Family, Fantasy",89 min,Paul Schneider,"Kirk Cameron,Chelsea Noble,John de Lancie,Christine Healy,",599,
236,Halloweentown (1998 TV Movie),6.7,"Adventure, Comedy, Family",84 min,Duwayne Dunham,"Debbie Reynolds,Kimberly J. Brown,Judith Hoag,Joey Zimmerman,","14,127",
237,The Wonderful Ice Cream Suit (1998),6.2,"Comedy, Family, Fantasy",77 min,Stuart Gordon,"Joe Mantegna,Esai Morales,Edward James Olmos,Clifton Collins Jr.,",590,PG
238,Meet the Deedles (1998),4.1,"Comedy, Family",93 min,Steve Boyum,"Paul Walker,Steve Van Wormer,A.J. Langer,John Ashton,","2,696",PG
239,The Wonderful World of Disney (1995–2005)  Episode: A Knight in Camelot (1998),4.8,"Adventure, Comedy, Drama",90 min,Roger Young,"Whoopi Goldberg,Michael York,Paloma Baeza,Simon Fenton,","1,995",
240,Mulan (1998),7.6,"Animation, Adventure, Family",88 min,Tony Bancroft,"Barry Cook,Ming-Na Wen,Eddie Murphy,BD Wong,Miguel Ferrer,","256,995",U
241,The Parent Trap (1998),6.5,"Adventure, Comedy, Drama",128 min,Nancy Meyers,"Lindsay Lohan,Dennis Quaid,Natasha Richardson,Elaine Hendrix,","120,870",U
242,Pocahontas II: Journey to a New World (1998 Video),4.9,"Animation, Adventure, Drama",72 min,Tom Ellery,"Bradley Raymond,Irene Bedard,Donal Gibson,Jim Cummings,Finola Hughes,","14,042",
243,Air Bud: Golden Receiver (1998),4.5,"Comedy, Family, Sport",90 min,Richard Martin,"Kevin Zegers,Cynthia Stevenson,Tim Conway,Dick Martin,","5,356",
244,I'll Be Home for Christmas (1998),5.5,"Comedy, Family",86 min,Arlene Sanford,"Jonathan Taylor Thomas,Jessica Biel,Adam LaVorgna,Gary Cole,","9,530",U
245,Mighty Joe Young (1998),5.6,"Action, Adventure, Family",114 min,Ron Underwood,"Bill Paxton,Charlize Theron,Rade Serbedzija,Peter Firth,","27,678",PG
246,Brink! (1998 TV Movie),7.1,"Drama, Family, Sport",99 min,Greg Beeman,"Erik von Detten,Sam Horrigan,Christina Vidal,Robin Riker,","5,661",
247,A Bug's Life (1998),7.2,"Animation, Adventure, Comedy",95 min,John Lasseter,"Andrew Stanton,Kevin Spacey,Dave Foley,Julia Louis-Dreyfus,Hayden Panettiere,","266,629",
248,The Lion King II: Simba's Pride (1998 Video),6.5,"Animation, Adventure, Drama",81 min,Darrell Rooney,"Rob LaDuca,Matthew Broderick,Neve Campbell,Andy Dick,Robert Guillaume,","60,788",
249,The Wonderful World of Disney (1995–2005)  Episode: Annie (1999),6.7,"Adventure, Comedy, Drama",90 min,Rob Marshall,"Kathy Bates,Victor Garber,Alan Cumming,Audra McDonald,","5,055",
250,Don't Look Under the Bed (1999 TV Movie),6.9,"Comedy, Family, Fantasy",100 min,Kenneth Johnson,"Erin Chambers,Ty Hodges,Robin Riker,Steve Valentine,","2,713",
251,Genius (1999 TV Movie),6.3,"Comedy, Family, Romance",82 min,Rod Daniel,"Trevor Morgan,Emmy Rossum,Charles Fleischer,Yannick Bisson,","1,716",
252,The Thirteenth Year (1999 TV Movie),6,"Comedy, Family, Fantasy",95 min,Duwayne Dunham,"Chez Starbuck,Justin Jon Ross,Courtnee Draper,Brent Briscoe,","4,874",
253,Johnny Tsunami (1999 TV Movie),6.3,"Drama, Family, Sport",88 min,Steve Boyum,"Cary-Hiroyuki Tagawa,Brandon Baker,Mary Page Keller,Yuji Okumoto,","4,925",
254,Can of Worms (1999 TV Movie),5,"Comedy, Family, Sci-Fi",90 min,Paul Schneider,"Michael Shulman,Erika Christensen,Adam Wylie,Andrew Ducote,",866,
255,Zenon: Girl of the 21st Century (1999 TV Movie),6.4,"Adventure, Comedy, Family",97 min,Kenneth Johnson,"Kirsten Storms,Raven-Symoné,Bob Bancroft,Stuart Pankin,","6,793",
256,Horse Sense (1999 TV Movie),6.3,"Drama, Family",92 min,Greg Beeman,"Joey Lawrence,Andrew Lawrence,Susan Walters,M.C. Gainey,","1,652",
257,Endurance (1998),6.2,"Biography, Drama, Sport",83 min,Leslie Woodhead,"Bud Greenspan,Haile Gebrselassie,Shawananness Gebrselassie,Yonas Zergaw,Tedesse Haile,",376,G
258,Smart House (1999 TV Movie),6.3,"Comedy, Drama, Family",82 min,LeVar Burton,"Katey Sagal,Ryan Merriman,Katie Volding,Kevin Kilner,","6,502",
259,My Favorite Martian (1999),5.1,"Comedy, Family, Sci-Fi",94 min,Donald Petrie,"Christopher Lloyd,Jeff Daniels,Elizabeth Hurley,Daryl Hannah,","12,830",PG
260,Doug's 1st Movie (1999),5,"Animation, Adventure, Comedy",77 min,Maurice Joyce,"Thomas McHugh,Fred Newman,Chris Phillips,Constance Shulman,","2,980",
261,The Straight Story (1999),8,"Biography, Drama",112 min,David Lynch,"Richard Farnsworth,Sissy Spacek,Jane Galloway Heitz,Joseph A. Carpenter,","82,046",U
262,Tarzan (1999),7.3,"Animation, Adventure, Family",88 min,Chris Buck,"Kevin Lima,Tony Goldwyn,Minnie Driver,Brian Blessed,Glenn Close,","204,074",G
263,Inspector Gadget (1999),4.2,"Action, Adventure, Comedy",78 min,David Kellogg,"Matthew Broderick,Rupert Everett,Joely Fisher,Michelle Trachtenberg,","45,421",PG
264,The Wonderful World of Disney (1995–2005)  Episode: H-E Double Hockey Sticks (1999),6.4,"Adventure, Comedy, Drama",96 min,Randall Miller,"Will Friedle,Matthew Lawrence,Gabrielle Union,Shawn Pyfrom,",908,
265,Mickey's Once Upon a Christmas (1999 Video),7.1,"Animation, Comedy, Family",66 min,Alex Mann,"Jun Falkenstein,Bradley Raymond,Toby Shelton,Bill Speers,Kelsey Grammer,Wayne Allwine,Russi Taylor,Tony Anselmo,","7,102",
266,Fantasia 2000 (1999),7.2,"Animation, Comedy, Family",75 min,James Algar,"Gaëtan Brizzi,Paul Brizzi,Hendel Butoy,Francis Glebas,Eric Goldberg,Don Hahn,Pixote Hunt,James Levine,Steve Martin,Itzhak Perlman,Quincy Jones,","35,201",
267,Toy Story 2 (1999),7.9,"Animation, Adventure, Comedy",92 min,John Lasseter,"Ash Brannon,Lee Unkrich,Tom Hanks,Tim Allen,Joan Cusack,Kelsey Grammer,","527,701",U
268,The Wonderful World of Disney (1995–2005)  Episode: Angels in the Infield (2000),4.9,"Adventure, Comedy, Drama",87 min,Robert King,"Patrick Warburton,Britt Irvin,Kurt Fuller,Rebecca Jenkins,",491,
269,The Ultimate Christmas Present (2000 TV Movie),5.9,"Comedy, Family",85 min,Greg Beeman,"Hallee Hirsh,Spencer Breslin,Hallie Todd,Brenda Song,","1,589",
270,Phantom of the Megaplex (2000 TV Movie),6.4,"Action, Comedy, Family",89 min,Blair Treu,"Taylor Handley,Corinne Bohrer,Caitlin Wachs,Jacob Smith,","2,990",
271,Mom's Got a Date with a Vampire (2000 TV Movie),5.9,"Comedy, Family, Fantasy",85 min,Steve Boyum,"Matt O'Leary,Laura Vandervoort,Myles Jeffrey,Caroline Rhea,","3,726",
272,The Other Me (2000 TV Movie),6.1,"Comedy, Family, Sci-Fi",90 min,Manny Coto,"Andrew Lawrence,Mark L. Taylor,Lori Hallier,Alison Pill,","1,977",
273,Quints (2000 TV Movie),5.7,"Comedy, Drama, Family",83 min,Bill Corcoran,"Kimberly J. Brown,Daniel Roebuck,Elizabeth Morehead,Shadia Simmons,","2,200",
274,Ready to Run (2000 TV Movie),5.3,"Family, Sport",96 min,Duwayne Dunham,"Krystle Po,Jason Dohring,Lillian Hurst,Jon Brazier,",309,
275,Stepsister from Planet Weird (2000 TV Movie),5.9,"Comedy, Family, Sci-Fi",85 min,Steve Boyum,"Courtnee Draper,Tamara Hope,Lance Guest,Khrystyne Haje,","1,411",
276,Miracle in Lane 2 (2000 TV Movie),6,"Biography, Comedy, Drama",120 min,Greg Beeman,"Frankie Muniz,Rick Rossovich,Molly Hagan,Patrick Levis,","1,956",
277,Rip Girls (2000 TV Movie),6.2,"Drama, Family, Romance",87 min,Joyce Chopra,"Camilla Belle,Dwier Brown,Stacie Hess,Brian Stark,","1,194",
278,Alley Cats Strike (2000 TV Movie),6.1,"Drama, Family, Sport",103 min,Rod Daniel,"Kyle Schmid,Robert Ri'chard,Kaley Cuoco,Mimi Paley,","2,049",
279,The Color of Friendship (2000 TV Movie),7.2,"Biography, Drama, Family",87 min,Kevin Hooks,"Lindsey Haun,Shadia Simmons,Carl Lumbly,Penny Johnson Jerald,","3,490",
280,"Up, Up, and Away! (2000 TV Movie)",5.6,"Comedy, Family, Fantasy",90 min,Robert Townsend,"Robert Townsend,Michael J. Pagan,Alex Datcher,Sherman Hemsley,","1,821",
281,Air Bud 3: World Pup (2000 Video),4.6,"Comedy, Drama, Family",83 min,Bill Bannerman,"Kevin Zegers,Dale Midkiff,David Glyn-Jones,Caitlin Wachs,","2,705",
282,An Extremely Goofy Movie (2000 Video),6.4,"Animation, Comedy, Family",79 min,Douglas McCarthy,"Bill Farmer,Jason Marsden,Jeff Bennett,Jim Cummings,","10,148",
283,Whispers: An Elephant's Tale (2000),5.1,"Adventure, Family",72 min,Dereck Joubert,"Angela Bassett,Joanna Lumley,Anne Archer,Debi Derryberry,",305,
284,Dinosaur (2000),6.5,"Animation, Adventure, Family",82 min,Eric Leighton,"Ralph Zondag,D.B. Sweeney,Julianna Margulies,Samuel E. Wright,Alfre Woodard,","53,475",PG
285,The Kid (2000),6.1,"Comedy, Family, Fantasy",104 min,Jon Turteltaub,"Bruce Willis,Spencer Breslin,Emily Mortimer,Lily Tomlin,","40,237",PG
286,The Little Mermaid II: Return to the Sea (2000 Video),5.6,"Animation, Drama, Family",75 min,Jim Kammerud,"Brian Smith,Bill Speers,Tara Strong,Pat Carroll,Jodi Benson,Samuel E. Wright,","17,610",
287,Remember the Titans (2000),7.8,"Biography, Drama, Sport",113 min,Boaz Yakin,"Denzel Washington,Will Patton,Wood Harris,Ryan Hurst,","198,160",U
288,102 Dalmatians (2000),4.9,"Adventure, Comedy, Family",100 min,Kevin Lima,"Glenn Close,Gérard Depardieu,Ioan Gruffudd,Alice Evans,","34,806",
289,The Wonderful World of Disney (1995–2005)  Episode: Mail to the Chief (2000),5.1,"Adventure, Comedy, Drama",89 min,Eric Champnella,"Bill Switzer,Randy Quaid,Holland Taylor,Ashley Gorrell,",371,
290,The Wonderful World of Disney (1995–2005)  Episode: Geppetto (2000),5.4,"Adventure, Comedy, Drama",89 min,Tom Moore,"Drew Carey,Julia Louis-Dreyfus,Brent Spiner,Rene Auberjonois,",675,
291,The Emperor's New Groove (2000),7.4,"Animation, Adventure, Comedy",78 min,Mark Dindal,"David Spade,John Goodman,Eartha Kitt,Patrick Warburton,","180,577",
292,The Tigger Movie (2000),6.3,"Animation, Comedy, Drama",77 min,Jun Falkenstein,"Jim Cummings,Nikita Hopkins,Ken Sansom,John Fiedler,","17,254",
293,Jett Jackson: The Movie (2001 TV Movie),6.2,"Action, Adventure, Comedy",100 min,Shawn Levy,"Lee Thompson Young,Lindy Booth,Nigel Shawn Williams,Ryan Sommers Baum,","1,165",
294,Mickey's Magical Christmas: Snowed in at the House of Mouse (2001 Video),6.7,"Animation, Adventure, Comedy",65 min,Tony Craig,"Roberts Gannaway,Rick Calabash,Carlos Alazraqui,Wayne Allwine,Tony Anselmo,Jeff Bennett,","3,013",
295,Motocrossed (2001 TV Movie),6.6,"Action, Adventure, Family",110 min,Steve Boyum,"Alana Austin,Trever O'Brien,Riley Smith,Mary-Margaret Humes,","4,628",
296,Recess: School's Out (2001),6.6,"Animation, Comedy, Family",82 min,Chuck Sheetz,"Andrew Lawrence,Rickey D'Shon Collins,Jason Davis,Ashley Johnson,","9,487",G
297,Lady and the Tramp II: Scamp's Adventure (2001 Video),5.9,"Animation, Adventure, Family",69 min,Darrell Rooney,"Jeannine Roussel,Scott Wolf,Alyssa Milano,Chazz Palminteri,Jeff Bennett,","10,658",
298,Atlantis: The Lost Empire (2001),6.9,"Animation, Action, Adventure",95 min,Gary Trousdale,"Kirk Wise,Michael J. Fox,Jim Varney,Corey Burton,Claudia Christian,","104,695",U
299,Sen to Chihiro no kamikakushi (2001),8.6,"Animation, Adventure, Family",125 min,Hayao Miyazaki,"Daveigh Chase,Suzanne Pleshette,Miyu Irino,Rumi Hiiragi,","651,768",U
300,The Princess Diaries (2001),,"Comedy, Family, Romance",111 min,Garry Marshall,"Julie Andrews,Anne Hathaway,Hector Elizondo,Heather Matarazzo,","128,571",U
301,Max Keeble's Big Move (2001),,"Comedy, Crime, Family",86 min,Tim Hill,"Alex D. Linz,Larry Miller,Jamie Kennedy,Zena Grey,","7,508",PG
302,"Monsters, Inc",8.1,"Animation, Adventure, Comedy",92 min,Pete Docter,"David Silverman,Lee Unkrich,Billy Crystal,John Goodman,Mary Gibbs,Steve Buscemi,","815,823",U
303,'Twas the Night (2001 TV Movie),5.3,"Comedy, Family",84 min,Nick Castle,"Josh Zuckerman,Brenda Grate,Bryan Cranston,Jefferson Mappin,",898,
304,The Other Side of Heaven (2001),6.4,"Adventure, Biography, Drama",113 min,Mitch Davis,"Christopher Gorham,Anne Hathaway,Joe Folau,Nathaniel Lees,","4,091",PG
305,Halloweentown II: Kalabar's Revenge (2001 TV Movie),6.5,"Adventure, Family, Fantasy",81 min,Mary Lambert,"Kimberly J. Brown,Judith Hoag,Daniel Kountz,Joey Zimmerman,","7,509",
306,The Poof Point (2001 TV Movie),4.7,"Comedy, Family, Sci-Fi",90 min,Neal Israel,"Tahj Mowry,Dawnn Lewis,Mark Curry,Raquel Lee,",515,
307,Jumping Ship (2001 TV Movie),6.2,"Family, Adventure, Comedy",93 min,Michael Lange,"Joey Lawrence,Matthew Lawrence,Andrew Lawrence,Susan Walters,","1,699",
308,The Jennie Project (2001 TV Movie),5.3,"Adventure, Drama, Family",76 min,Gary Nadeau,"Alex D. Linz,Sheila Kelley,Lance Guest,Abigail Mavity,",218,
309,Hounded (2001 TV Movie),5.1,"Comedy, Drama, Family",91 min,Neal Israel,"Tahj Mowry,Craig Kirkwood,Shia LaBeouf,Ed Begley Jr.,",940,
310,The Luck of the Irish (2001 TV Movie),6.2,"Adventure, Comedy, Drama",86 min,Paul Hoen,"Ryan Merriman,Henry Gibson,Alexis Lopez,Glenndon Chatman,","6,780",
311,Zenon: The Zequel (2001 TV Movie),5.9,"Comedy, Family, Adventure",100 min,Manny Coto,"Kirsten Storms,Shadia Simmons,Lauren Maltby,Susan Brady,","3,542",
312,The Scream Team (2002 TV Movie),6.6,"Comedy, Family, Fantasy",100 min,Stuart Gillard,"Mark Rendall,Kat Dennings,Robert Bockstael,Eric Idle,",988,
313,A Ring of Endless Light (2002 TV Movie),6,"Drama, Family, Romance",88 min,Greg Beeman,"Mischa Barton,Ryan Merriman,Jared Padalecki,Scarlett Pomers,","1,126",
314,Gotta Kick It Up! (2002 TV Movie),5.8,"Comedy, Drama, Family",78 min,Ramón Menéndez,"Camille Guaty,America Ferrera,Jhoanna Flores,Suilma Rodriguez,","1,655",
315,Get a Clue (2002 TV Movie),5.1,"Comedy, Crime, Family",83 min,Maggie Greenwald,"Lindsay Lohan,Bug Hall,Ian Gomez,Brenda Song,","5,947",
316,Tru Confessions (2002 TV Movie),7.5,"Drama, Comedy, Family",112 min,Paul Hoen,"Clara Bryant,Shia LaBeouf,Mare Winningham,William Francis McGuire,","2,987",
317,Cadet Kelly (2002 TV Movie),5.5,"Comedy, Drama, Family",101 min,Larry Shaw,"Hilary Duff,Christy Carlson Romano,Gary Cole,Shawn Ashmore,","13,213",
318,Double Teamed (2002 TV Movie),6.1,"Biography, Drama, Family",120 min,Duwayne Dunham,"Poppi Monroe,Annie McElwain,Teal Redmann,Nick Searcy,","3,225",
319,Air Bud: Seventh Inning Fetch (2002 Video),4.5,"Comedy, Drama, Family",93 min,Robert Vince,"Jeffrey Ballard,Jay Brazeau,Jason Bryden,Patrick Cranshaw,","1,983",G
320,Snow Dogs (2002),5.2,"Adventure, Comedy, Family",99 min,Brian Levant,"Cuba Gooding Jr.,James Coburn,Sisqó,Nichelle Nichols,","25,363",PG
321,Return to Never Land (2002),5.8,"Animation, Adventure, Family",72 min,Robin Budd,"Donovan Cook,Blayne Weaver,Harriet Owen,Corey Burton,Jeff Bennett,","18,535",G
322,Cinderella II: Dreams Come True (2001 Video),5,"Animation, Family, Fantasy",73 min,John Kafka,"Jennifer Hale,Rob Paulsen,Corey Burton,Andre Stojka,","10,671",G
323,Lilo & Stitch (2002),7.2,"Animation, Adventure, Comedy",85 min,Dean DeBlois,"Chris Sanders,Daveigh Chase,Chris Sanders,Tia Carrere,David Ogden Stiers,","168,660",PG
324,The Country Bears (2002),4.2,"Comedy, Family, Music",88 min,Peter Hastings,"Haley Joel Osment,Diedrich Bader,Candy Ford,James Gammon,","5,115",
325,Tuck Everlasting (2002),6.6,"Drama, Family, Fantasy",90 min,Jay Russell,"Alexis Bledel,Jonathan Jackson,Sissy Spacek,William Hurt,","21,136",PG
326,The Santa Clause 2 (2002),5.6,"Comedy, Family, Fantasy",104 min,Michael Lembeck,"Tim Allen,Spencer Breslin,Elizabeth Mitchell,Eric Lloyd,","51,696",
327,Treasure Planet (2002),7.2,"Animation, Adventure, Family",95 min,Ron Clements,"John Musker,Joseph Gordon-Levitt,Emma Thompson,Martin Short,Roscoe Lee Browne,","102,868",PG
328,Winnie the Pooh: A Very Merry Pooh Year (2002),6.7,"Animation, Comedy, Drama",65 min,Gary Katona,"Ed Wexler,Jamie Mitchell,Jim Cummings,Peter Cullen,John Fiedler,Michael Gough,","2,089",G
329,The Rookie (2002),6.9,"Drama, Family, Sport",127 min,John Lee Hancock,"Dennis Quaid,J.D. Evermore,Rachel Griffiths,Jay Hernandez,","32,373",
330,Kim Possible: A Sitch in Time (2003 TV Movie),7,"Animation, Adventure, Comedy",66 min,Steve Loter,"Christy Carlson Romano,Will Friedle,Nancy Cartwright,Tahj Mowry,","3,983",
331,Full-Court Miracle (2003 TV Movie),5.8,"Drama, Family, Sport",90 min,Stuart Gillard,"Alex D. Linz,Richard T. Jones,R.H. Thomson,Sean Marquette,",899,
332,The Cheetah Girls (2003 TV Movie),4.9,"Comedy, Drama, Family",100 min,Oz Scott,"Raven-Symoné,Adrienne Houghton,Kiely Williams,Sabrina Bryan,","7,216",
333,Eddie's Million Dollar Cook-Off (2003 TV Movie),6.1,"Comedy, Family, Sport",110 min,Paul Hoen,"Taylor Ball,Orlando Brown,Reiley McClendon,Mark L. Taylor,","2,544",
334,The Even Stevens Movie (2003 TV Movie),6.2,"Comedy, Family",93 min,Sean McNamara,"Shia LaBeouf,Christy Carlson Romano,Donna Pescow,Tom Virtue,","6,537",
335,Right on Track (2003 TV Movie),6.3,"Biography, Drama, Family",89 min,Duwayne Dunham,"Beverley Mitchell,Brie Larson,Jon Lindstrom,Jodi Russell,","1,191",
336,You Wish! (2003 TV Movie),6.1,"Comedy, Family, Fantasy",84 min,Paul Hoen,"A.J. Trauth,Spencer Breslin,Lalaine,Tim Reid,","1,719",
337,Air Bud: Spikes Back (2003 Video),4.1,"Comedy, Family, Sport",87 min,Mike Southon,"Darren J. Birch,Christopher Bishop,Tyler Boissonnault,J. Winston Carroll,","1,749",G
338,Brother Bear (2003),6.8,"Animation, Adventure, Comedy",85 min,Aaron Blaise,"Robert Walker,Joaquin Phoenix,Jeremy Suarez,Rick Moranis,Jason Raize,","97,217",U
339,101 Dalmatians II: Patch's London Adventure (2002 Video),5.8,"Animation, Adventure, Comedy",74 min,Jim Kammerud,"Brian Smith,Barry Bostwick,Jason Alexander,Martin Short,Bobby Lockwood,","8,101",
340,The Jungle Book 2 (2003),5.4,"Animation, Adventure, Family",72 min,Steve Trenbirth,"John Goodman,Haley Joel Osment,Tony Jay,Mae Whitman,","15,075",
341,Inspector Gadget 2 (2003 Video),3.4,"Action, Comedy, Crime",89 min,Alex Zamm,"French Stewart,Elaine Hendrix,Tony Martin,Caitlin Wachs,","5,726",
342,Piglet's Big Movie (2003),6.2,"Animation, Adventure, Comedy",75 min,Francis Glebas,"John Fiedler,Jim Cummings,Ken Sansom,Peter Cullen,","6,973",
343,Holes (2003),7,"Adventure, Comedy, Drama",117 min,Andrew Davis,"Shia LaBeouf,Sigourney Weaver,Jon Voight,Tim Blake Nelson,","77,782",PG
344,Atlantis: Milo's Return (2003 Video),5.1,"Animation, Action, Adventure",70 min,Victor Cook,"Toby Shelton,Tad Stones,James Arnold Taylor,Cree Summer,John Mahoney,Jacqueline Obradors,","8,210",G
345,The Lizzie McGuire Movie (2003),5.5,"Adventure, Comedy, Family",94 min,Jim Fall,"Hilary Duff,Adam Lamberg,Clayton Snyder,Hallie Todd,","35,833",U
346,Pirates of the Caribbean: The Curse of the Black Pearl (2003),8,"Action, Adventure, Fantasy",143 min,Gore Verbinski,"Johnny Depp,Geoffrey Rush,Orlando Bloom,Keira Knightley,","1,015,332",UA
347,Freaky Friday (2003),6.2,"Comedy, Family, Fantasy",97 min,Mark Waters,"Jamie Lee Curtis,Lindsay Lohan,Mark Harmon,Harold Gould,","125,386",U
348,George of the Jungle 2 (2003 Video),3.3,"Adventure, Comedy, Family",87 min,David Grossman,"Christopher Showerman,Julie Benz,Angus T. Jones,Thomas Haden Church,","6,452",PG
349,The Haunted Mansion (2003),5,"Comedy, Family, Fantasy",99 min,Rob Minkoff,"Eddie Murphy,Marsha Thomason,Jennifer Tilly,Terence Stamp,","43,051",U
350,The Young Black Stallion (2003),5.6,"Adventure, Family, Drama",50 min,Simon Wincer,"Biana Tamimi,Richard Romanus,Patrick Elyas,Gérard Rudolf,","1,053",U
351,Finding Nemo (2003),8.1,"Animation, Adventure, Comedy",100 min,Andrew Stanton,"Lee Unkrich,Albert Brooks,Ellen DeGeneres,Alexander Gould,Willem Dafoe,","949,892",U
352,Going to the Mat (2004 TV Movie),6.8,"Drama, Family, Sport",120 min,Stuart Gillard,"Andrew Lawrence,Khleo Thomas,Alessandra Torresani,Wayne Brady,","1,287",
353,Pixel Perfect (2004 TV Movie),5.7,"Family, Sci-Fi, Comedy",85 min,Mark A.Z. Dippé,"Raviv Ullman,Leah Pipes,Spencer Redford,Chad 'Chato' Alger,","3,284",
354,Zenon: Z3 (2004 TV Movie),5.5,"Adventure, Comedy, Family",81 min,Steve Rash,"Kirsten Storms,Lauren Maltby,Alyson Morgan,Stuart Pankin,","2,442",
355,Halloweentown High (2004 TV Movie),6.2,"Comedy, Family, Fantasy",82 min,Mark A.Z. Dippé,"Kimberly J. Brown,Debbie Reynolds,Judith Hoag,Joey Zimmerman,","6,208",
356,Tiger Cruise (2004 TV Movie),6.2,"Drama, Family",88 min,Duwayne Dunham,"Hayden Panettiere,Bill Pullman,Troy Evans,Bianca Collins,","1,250",
357,Stuck in the Suburbs (2004 TV Movie),5.6,"Comedy, Family, Music",76 min,Savage Steve Holland,"Danielle Panabaker,Brenda Song,Amanda Shaw,CiCi Hedgpeth,","3,630",
358,Teacher's Pet (2004),5.8,"Animation, Adventure, Comedy",73 min,Timothy Björklund,"Nathan Lane,Shaun Fleming,David Ogden Stiers,Kelsey Grammer,","1,586",PG
359,Miracle (2004),7.5,"Biography, Drama, History",135 min,Gavin O'Connor,"Kurt Russell,Patricia Clarkson,Nathan West,Noah Emmerich,","48,146",U
360,Confessions of a Teenage Drama Queen (2004),4.7,"Comedy, Family, Music",89 min,Sara Sugarman,"Lindsay Lohan,Megan Fox,Adam Garcia,Glenne Headly,","27,484",PG
361,Home on the Range (2004),5.4,"Animation, Adventure, Comedy",76 min,Will Finn,"John Sanford,Judi Dench,Cuba Gooding Jr.,Jennifer Tilly,Randy Quaid,","20,568",PG
362,Winnie the Pooh: Springtime with Roo (2003 Video),6.5,"Animation, Adventure, Comedy",65 min,Saul Blinkoff,"Elliot M. Bour,Jim Cummings,Ken Sansom,Jimmy Bennett,David Ogden Stiers,","1,854",G
363,Around the World in 80 Days (2004),5.9,"Action, Adventure, Comedy",120 min,Frank Coraci,"Jackie Chan,Steve Coogan,Jim Broadbent,Kathy Bates,","85,068",7
364,"Mickey, Donald, Goofy: The Three Musketeers (2004 Video)",6.4,"Animation, Adventure, Comedy",68 min,Donovan Cook,"Wayne Allwine,Tony Anselmo,Bill Farmer,Russi Taylor,","8,192",G
365,The Princess Diaries 2: Royal Engagement (2004),5.8,"Comedy, Family, Romance",113 min,Garry Marshall,"Anne Hathaway,Callum Blue,Julie Andrews,Hector Elizondo,","74,245",U
366,Hauru no ugoku shiro (2004),8.2,"Animation, Adventure, Family",119 min,Hayao Miyazaki,"Chieko Baishô,Takuya Kimura,Tatsuya Gashûin,Akihiro Miwa,","334,163",U
367,Mulan II (2004 Video),5.7,"Animation, Action, Comedy",79 min,Darrell Rooney,"Lynne Southerland,Ming-Na Wen,BD Wong,Mark Moseley,Lucy Liu,","23,055",
368,National Treasure (2004),6.9,"Action, Adventure, Mystery",131 min,Jon Turteltaub,"Nicolas Cage,Diane Kruger,Justin Bartha,Sean Bean,","304,383",U
369,Mickey's Twice Upon a Christmas (2004 Video),6.5,"Animation, Comedy, Family",68 min,Theresa Cullen,"Carole Holliday,Peggy Holmes,Matthew O'Callaghan,Wayne Allwine,Tony Anselmo,Jeff Bennett,Jim Cummings,","4,225",
370,The Incredibles (2004),8,"Animation, Action, Adventure",115 min,Brad Bird,"Craig T. Nelson,Samuel L. Jackson,Holly Hunter,Jason Lee,","657,270",U
371,The Lion King 1½ (2004 Video),6.5,"Animation, Adventure, Comedy",77 min,Bradley Raymond,"Nathan Lane,Ernie Sabella,Julie Kavner,Jerry Stiller,","37,177",G
372,The Wonderful World of Disney (1995–2005)  Episode: Once Upon a Mattress (2005),6.3,"Adventure, Comedy, Drama",90 min,Kathleen Marshall,"Carol Burnett,Tracey Ullman,Denis O'Hare,Zooey Deschanel,","1,260",
373,Kim Possible: So the Drama (2005 TV Movie),7.1,"Animation, Action, Adventure",71 min,Steve Loter,"Christy Carlson Romano,Will Friedle,Nancy Cartwright,Tahj Mowry,","3,938",
374,Go Figure (2005 TV Movie),5.7,"Action, Comedy, Drama",88 min,Francine McDougall,"Jordan Danger,Whitney Sloan,Cristine Rose,Ryan Malgarini,","3,399",
375,Life Is Ruff (2005 TV Movie),4.9,"Comedy, Family",84 min,Charles Haid,"Kyle Massey,Kay Panabaker,Mitchel Musso,Carter Jenkins,","1,277",
376,The Proud Family Movie (2005 TV Movie),5.4,"Animation, Adventure, Comedy",90 min,Bruce W. Smith,"Kyla Pratt,Tommy Davidson,Paula Jai Parker,Jo Marie Payton,","1,505",
377,Kronk's New Groove (2005 Video),5.8,"Animation, Comedy, Family",75 min,Saul Blinkoff,"Elliot M. Bour,Patrick Warburton,Tracey Ullman,Eartha Kitt,David Spade,","11,502",
378,Twitches (2005 TV Movie),5.7,"Comedy, Drama, Family",86 min,Stuart Gillard,"Tia Mowry-Hardrict,Tamera Mowry-Housley,Kristen Wilson,Patrick Fabian,","7,305",
379,The Greatest Game Ever Played (2005),7.4,"Biography, Drama, Sport",120 min,Bill Paxton,"Shia LaBeouf,Stephen Dillane,Elias Koteas,James Paxton,","28,236",PG
380,Lilo & Stitch 2: Stitch Has a Glitch (2005 Video),6.3,"Animation, Comedy, Drama",68 min,Michael LaBash,"Tony Leondis,Chris Sanders,Dakota Fanning,Tia Carrere,David Ogden Stiers,","12,268",PG
381,Pooh's Heffalump Movie (2005),6.4,"Animation, Comedy, Family",68 min,Frank Nissen,"Jim Cummings,Brenda Blethyn,Kyle Stanger,John Fiedler,","6,530",G
382,The Pacifier (2005),5.6,"Action, Comedy, Drama",95 min,Adam Shankman,"Vin Diesel,Brittany Snow,Max Thieriot,Brad Garrett,","88,013",U
383,Ice Princess (2005),6,"Comedy, Drama, Family",98 min,Tim Fywell,"Michelle Trachtenberg,Kim Cattrall,Trevor Blumas,Joan Cusack,","24,957",G
384,Sky High (2005),6.2,"Adventure, Comedy, Family",100 min,Mike Mitchell,"Kurt Russell,Kelly Preston,Michael Angarano,Danielle Panabaker,","79,243",U
385,Pooh's Heffalump Halloween Movie (2005 Video),6.6,"Animation, Comedy, Family",67 min,Saul Blinkoff,"Elliot M. Bour,Jimmy Bennett,Peter Cullen,Jim Cummings,John Fiedler,",943,G
386,Herbie Fully Loaded (2005),4.8,"Adventure, Comedy, Family",101 min,Angela Robinson,"Lindsay Lohan,Michael Keaton,Cheryl Hines,Breckin Meyer,","45,141",
387,Chicken Little (2005),5.7,"Animation, Adventure, Comedy",81 min,Mark Dindal,"Zach Braff,Joan Cusack,Garry Marshall,Don Knotts,","85,948",G
388,Valiant (2005),5.5,"Animation, Adventure, Comedy",76 min,Gary Chapman,"Ewan McGregor,Ricky Gervais,Tim Curry,Jim Broadbent,","21,147",G
389,"The Chronicles of Narnia: The Lion, the Witch and the Wardrobe (2005)",6.9,"Adventure, Family, Fantasy",143 min,Andrew Adamson,"Tilda Swinton,Georgie Henley,William Moseley,Skandar Keynes,","366,875",U
390,Buffalo Dreams (2005 TV Movie),5.9,Family,89 min,David Jackson,"Simon Baker,Duy Beck,Roy J. Cohoe,Tatiana Galindo,",466,
391,Now You See It,6.3,"Drama, Family, Fantasy",83 min,Duwayne Dunham,"Aly Michalka,Johnny Pacar,Frank Langella,Chris Olivero,","2,229",
392,Read It and Weep (2006 TV Movie),5.5,"Comedy, Drama, Family",84 min,Paul Hoen,"Kay Panabaker,Danielle Panabaker,Alexandra Krosney,Marquise C. Brown,","5,143",
393,Wendy Wu: Homecoming Warrior (2006 TV Movie),5.4,"Action, Adventure, Family",91 min,John Laing,"Brenda Song,Shin Koyamada,Susan Chuang,Justin Chon,","5,792",
394,Cow Belles (2006 TV Movie),5.2,"Comedy, Family, Romance",90 min,Francine McDougall,"Aly Michalka,AJ Michalka,Jack Coleman,Sheila McCarthy,","5,941",
395,The Cheetah Girls 2 (2006 TV Movie),5,"Comedy, Drama, Family",96 min,Kenny Ortega,"Raven-Symoné,Adrienne Houghton,Sabrina Bryan,Kiely Williams,","5,791",
396,Air Buddies (2006 Video),4.8,"Adventure, Comedy, Family",80 min,Robert Vince,"Cascy Beddow,Jane Carr,Kelly Chapek,Patrick Cranshaw,","3,344",PG
397,Return to Halloweentown (2006 TV Movie),5.5,"Action, Comedy, Family",88 min,David Jackson,"Sara Paxton,Judith Hoag,Lucas Grabeel,Joey Zimmerman,","5,826",U
398,High School Musical (2006 TV Movie),5.4,"Comedy, Drama, Family",98 min,Kenny Ortega,"Zac Efron,Vanessa Hudgens,Ashley Tisdale,Lucas Grabeel,","81,010",U
399,Brother Bear 2 (2006 Video),6.2,"Animation, Adventure, Comedy",74 min,Ben Gluck,"Patrick Dempsey,Mandy Moore,Jeremy Suarez,Rick Moranis,","15,083",G
400,The Fox and the Hound 2 (2006 Video),,"Animation, Adventure, Comedy",69 min,Jim Kammerud,"Reba McEntire,Patrick Swayze,Jonah Bobo,Harrison Fahn,","4,288",
401,Glory Road (2006),,"Biography, Drama, Sport",118 min,James Gartner,"Josh Lucas,Derek Luke,Austin Nichols,Jon Voight,","43,256",U
402,Bambi II (2006 Video),6.1,"Animation, Adventure, Drama",75 min,Brian Pimental,"Patrick Stewart,Alexander Gould,Keith Ferguson,Brendon Baerg,","9,226",G
403,Eight Below (2006),7.3,"Adventure, Drama, Family",120 min,Frank Marshall,"Paul Walker,Jason Biggs,Bruce Greenwood,Moon Bloodgood,","61,116",PG
404,The Shaggy Dog (2006),4.4,"Comedy, Family, Fantasy",98 min,Brian Robbins,"Tim Allen,Kristin Davis,Craig Kilborn,Zena Grey,","18,218",PG
405,The Wild (2006),5.3,"Animation, Adventure, Comedy",95 min,Steve 'Spaz' Williams,"Kiefer Sutherland,Jim Belushi,Eddie Izzard,Janeane Garofalo,","24,103",G
406,Pirates of the Caribbean: Dead Man's Chest (2006),7.3,"Action, Adventure, Fantasy",151 min,Gore Verbinski,"Johnny Depp,Orlando Bloom,Keira Knightley,Jack Davenport,","655,384",12+
407,Invincible (2006),7.1,"Biography, Drama, Sport",105 min,Ericson Core,"Mark Wahlberg,Greg Kinnear,Elizabeth Banks,Kevin Conway,","66,288",PG
408,The Santa Clause 3: The Escape Clause (2006),4.8,"Adventure, Comedy, Family",97 min,Michael Lembeck,"Tim Allen,Martin Short,Elizabeth Mitchell,Eric Lloyd,","33,664",G
409,Cars (2006),7.1,"Animation, Comedy, Family",117 min,John Lasseter,"Joe Ranft,Owen Wilson,Bonnie Hunt,Paul Newman,Larry the Cable Guy,","369,007",U
410,Pooh's Super Sleuth Christmas Movie (2007 TV Movie),5.7,"Animation, Adventure, Family",44 min,Don MacKinnon,"Dee Bradley Baker,Mikaila Baumel,Kimberlea Berg,Max Burkholder,",184,
411,Twitches Too (2007 TV Movie),5.8,"Drama, Family, Fantasy",83 min,Stuart Gillard,"Tia Mowry-Hardrict,Tamera Mowry-Housley,Kristen Wilson,Patrick Fabian,","4,377",
412,Bao hu lu de mi mi (2007),5.1,"Drama, Family",84 min,Frankie Chung,"Corbin Bleu,Peisi Chen,Aaron Michael Drozin,Drake Johnston,",597,G
413,High School Musical 2 (2007 TV Movie),5.1,"Comedy, Drama, Family",104 min,Kenny Ortega,"Zac Efron,Vanessa Hudgens,Ashley Tisdale,Lucas Grabeel,","55,441",U
414,National Treasure: Book of Secrets (2007),6.5,"Action, Adventure, Mystery",124 min,Jon Turteltaub,"Nicolas Cage,Diane Kruger,Justin Bartha,Jon Voight,","218,801",U
415,Enchanted (2007),7,"Animation, Comedy, Family",107 min,Kevin Lima,"Amy Adams,Susan Sarandon,James Marsden,Patrick Dempsey,","176,890",PG
416,The Game Plan (2007),6.1,"Comedy, Family, Sport",110 min,Andy Fickman,"Dwayne Johnson,Kyra Sedgwick,Madison Pettis,Roselyn Sanchez,","59,058",U
417,Ratatouille (2007),8,"Animation, Adventure, Comedy",111 min,Brad Bird,"Jan Pinkava,Brad Garrett,Lou Romano,Patton Oswalt,Ian Holm,","641,909",U
418,Pirates of the Caribbean: At World's End (2007),7.1,"Action, Adventure, Fantasy",169 min,Gore Verbinski,"Johnny Depp,Orlando Bloom,Keira Knightley,Geoffrey Rush,","595,676",UA
419,Underdog (2007),4.7,"Action, Adventure, Comedy",100 min,Frederik Du Chau,"Peter Dinklage,Jason Lee,Amy Adams,Jim Belushi,","19,681",PG
420,Cinderella III: A Twist in Time (2007 Video),6,"Animation, Family, Fantasy",74 min,Frank Nissen,"Jennifer Hale,Christopher Daniel Barnes,Susanne Blakeslee,Tress MacNeille,","9,373",
421,Meet the Robinsons (2007),6.8,"Animation, Adventure, Comedy",95 min,Stephen J. Anderson,"Daniel Hansen,Wesley Singerman,Angela Bassett,Jordan Fry,","87,516",U
422,Jump In! (2007 TV Movie),5.4,"Comedy, Drama, Family",85 min,Paul Hoen,"Corbin Bleu,Keke Palmer,David Reivers,Shanica Knowles,","6,979",
423,Johnny Kapahala: Back on Board (2007 TV Movie),5.5,"Comedy, Drama, Family",90 min,Eric Bross,"Brandon Baker,Jake T. Austin,Cary-Hiroyuki Tagawa,Robyn Lively,","2,009",
424,Bridge to Terabithia (2007),7.1,"Drama, Family, Fantasy",96 min,Gabor Csupo,"Josh Hutcherson,AnnaSophia Robb,Zooey Deschanel,Robert Patrick,","143,232",U
425,The Little Mermaid: Ariel's Beginning (2008 Video),6.3,"Animation, Drama, Family",77 min,Peggy Holmes,"Jodi Benson,Samuel E. Wright,Jim Cummings,Sally Field,","8,610",G
426,Tinker Bell (2008 Video),6.8,"Animation, Adventure, Family",78 min,Bradley Raymond,"Mae Whitman,Kristin Chenoweth,Raven-Symoné,Lucy Liu,","11,901",G
427,Bolt (2008),6.8,"Animation, Adventure, Comedy",96 min,Byron Howard,"Chris Williams,John Travolta,Miley Cyrus,Susie Essman,Mark Walton,","190,203",U
428,Camp Rock (2008 TV Movie),5.2,"Comedy, Family, Music",94 min,Matthew Diamond,"Demi Lovato,Joe Jonas,Meaghan Martin,Maria Canals-Barrera,","30,504",
429,Minutemen (2008 TV Movie),5.8,"Adventure, Comedy, Family",98 min,Lev L. Spiro,"Jason Dolley,Luke Benward,Nicholas Braun,Chelsea Kane,","5,466",
430,Snow Buddies (2008 Video),5.2,"Adventure, Family",87 min,Robert Vince,"Jim Belushi,Jimmy Bennett,Lothaire Bluteau,Jason Bryden,","3,650",G
431,Beverly Hills Chihuahua (2008),3.8,"Adventure, Comedy, Drama",91 min,Raja Gosnell,"Drew Barrymore,George Lopez,Piper Perabo,Manolo Cardona,","22,851",PG
432,College Road Trip (2008),4.3,"Adventure, Comedy, Drama",83 min,Roger Kumble,"Raven-Symoné,Martin Lawrence,Kym Whitley,Adam LeFevre,","15,371",
433,WALL·E (2008),8.4,"Animation, Adventure, Family",98 min,Andrew Stanton,"Ben Burtt,Elissa Knight,Jeff Garlin,Fred Willard,","1,000,190",U
434,High School Musical 3: Senior Year (2008),4.8,"Comedy, Drama, Family",112 min,Kenny Ortega,"Zac Efron,Vanessa Hudgens,Ashley Tisdale,Lucas Grabeel,","58,092",U
435,The Chronicles of Narnia: Prince Caspian (2008),6.5,"Action, Adventure, Family",150 min,Andrew Adamson,"Ben Barnes,Skandar Keynes,Georgie Henley,William Moseley,","194,569",U
436,The Cheetah Girls: One World (2008 TV Movie),4.7,"Comedy, Drama, Family",90 min,Paul Hoen,"Adrienne Houghton,Sabrina Bryan,Kiely Williams,Roshan Seth,","4,010",
437,Bedtime Stories (2008),6,"Adventure, Comedy, Family",99 min,Adam Shankman,"Adam Sandler,Keri Russell,Courteney Cox,Guy Pearce,","88,299",U
438,Wizards of Waverly Place: The Movie (2009 TV Movie),6.2,"Adventure, Comedy, Drama",94 min,Lev L. Spiro,"Selena Gomez,David Henrie,Jake T. Austin,Jennifer Stone,","15,642",
439,Santa Buddies (2009 Video),4.6,"Adventure, Family, Fantasy",88 min,Robert Vince,"Craig Anton,Andrew Astor,Charisse Baker,Danny Woodburn,","2,410",
440,Tigger & Pooh and a Musical Too (2009 Video),5.7,"Animation, Family, Musical",60 min,David Hartman,"Jim Cummings,Chloë Grace Moretz,Peter Cullen,Ken Sansom,",116,
441,Hatching Pete (2009 TV Movie),5.4,"Comedy, Family",90 min,Stuart Gillard,"Jason Dolley,Mitchel Musso,Tiffany Thornton,Josie Loren,","2,484",
442,Dadnapped (2009 TV Movie),4.9,"Action, Adventure, Comedy",84 min,Paul Hoen,"Emily Osment,David Henrie,Jason Earles,Jonathan Keltz,","2,788",
443,G-Force (2009),5.1,"Animation, Action, Adventure",88 min,Hoyt Yeatman,"Will Arnett,Penélope Cruz,Zach Galifianakis,Bill Nighy,","42,823",PG
444,Space Buddies (2009 Video),4.3,"Adventure, Family, Fantasy",84 min,Robert Vince,"F.T. Anderson,Diedrich Bader,Field Cate,Kendall Cross,","2,348",G
445,Princess Protection Program (2009 TV Movie),5.6,"Comedy, Drama, Family",90 min,Allison Liddi-Brown,"Demi Lovato,Selena Gomez,Nicholas Braun,Molly Hagan,","21,898",
446,A Christmas Carol (2009),6.8,"Animation, Drama, Family",96 min,Robert Zemeckis,"Jim Carrey,Gary Oldman,Colin Firth,Steve Valentine,","103,798",U
447,Tinker Bell and the Lost Treasure (2009 Video),6.7,"Animation, Adventure, Family",81 min,Klay Hall,"Mae Whitman,Jesse McCartney,Jane Horrocks,Lucy Liu,","9,667",
448,Old Dogs (I) (2009),5.4,"Comedy, Family",88 min,Walt Becker,"Robin Williams,John Travolta,Seth Green,Kelly Preston,","36,337",PG
449,Gake no ue no Ponyo (2008),7.7,"Animation, Adventure, Comedy",101 min,Hayao Miyazaki,"Cate Blanchett,Matt Damon,Liam Neeson,Tomoko Yamaguchi,","125,412",U
450,The Princess and the Frog (2009),7.1,"Animation, Adventure, Comedy",97 min,Ron Clements,"John Musker,Anika Noni Rose,Keith David,Oprah Winfrey,Bruno Campos,","124,431",
451,Up (2009),8.2,"Animation, Adventure, Comedy",96 min,Pete Docter,"Bob Peterson,Edward Asner,Jordan Nagai,John Ratzenberger,Christopher Plummer,","935,870",U
452,Hannah Montana: The Movie (2009),4.5,"Comedy, Drama, Family",102 min,Peter Chelsom,"Miley Cyrus,Emily Osment,Billy Ray Cyrus,Jason Earles,","39,758",
453,Race to Witch Mountain (2009),5.7,"Action, Adventure, Family",98 min,Andy Fickman,"Dwayne Johnson,Carla Gugino,AnnaSophia Robb,Alexander Ludwig,","55,861",U
454,Toy Story 3 (2010),8.2,"Animation, Adventure, Comedy",103 min,Lee Unkrich,"Tom Hanks,Tim Allen,Joan Cusack,Ned Beatty,","757,297",U
455,Prince of Persia: The Sands of Time (2010),6.6,"Action, Adventure, Fantasy",116 min,Mike Newell,"Jake Gyllenhaal,Gemma Arterton,Ben Kingsley,Alfred Molina,","271,855",UA
456,The Search for Santa Paws (2010 Video),5.5,"Adventure, Drama, Family",96 min,Robert Vince,"Kaitlyn Maher,Madison Pettis,Richard Riehle,Danny Woodburn,","2,387",
457,Avalon High (2010 TV Movie),5.7,"Drama, Family, Fantasy",90 min,Stuart Gillard,"Britt Robertson,Samuel Levi,Gregg Sulkin,Joey Pollari,","5,472",
458,Tron (2010),6.8,"Action, Adventure, Sci-Fi",125 min,Joseph Kosinski,"Jeff Bridges,Garrett Hedlund,Olivia Wilde,Bruce Boxleitner,","313,344",U
459,Alice in Wonderland (I) (2010),6.4,"Adventure, Family, Fantasy",108 min,Tim Burton,"Mia Wasikowska,Johnny Depp,Helena Bonham Carter,Anne Hathaway,","384,200",U
460,Den Brother (2010 TV Movie),5.4,"Family, Romance, Sport",89 min,Mark L. Taylor,"Hutch Dano,Genevieve Hannelius,Vicki Lewis,Kelsey Asbille,","1,766",
461,Camp Rock 2: The Final Jam (2010 TV Movie),5.2,"Comedy, Family, Music",97 min,Paul Hoen,"Demi Lovato,Joe Jonas,Nick Jonas,Kevin Jonas,","16,614",
462,Secretariat (2010),7.2,"Biography, Drama, Family",123 min,Randall Wallace,"Diane Lane,John Malkovich,Margo Martindale,Nelsan Ellis,","26,565",PG
463,Tangled (2010),7.7,"Animation, Adventure, Comedy",100 min,Nathan Greno,"Byron Howard,Mandy Moore,Zachary Levi,Donna Murphy,Ron Perlman,","406,084",U
464,Tinker Bell and the Great Fairy Rescue (2010 Video),6.9,"Animation, Adventure, Family",76 min,Bradley Raymond,"Mae Whitman,Lauren Mote,Michael Sheen,Pamela Adlon,","7,583",
465,The Sorcerer's Apprentice (2010),6.1,"Action, Adventure, Family",109 min,Jon Turteltaub,"Nicolas Cage,Jay Baruchel,Alfred Molina,Teresa Palmer,","153,196",PG
466,StarStruck (2010 TV Movie),6.1,"Comedy, Family, Music",90 min,Michael Grossman,"Sterling Knight,Danielle Campbell,Maggie Castle,Brandon Mychal Smith,","13,269",
467,Mars Needs Moms (2011),5.4,"Animation, Action, Adventure",88 min,Simon Wells,"Seth Green,Joan Cusack,Dan Fogler,Elisabeth Harnois,","21,132",PG
468,Geek Charming (2011 TV Movie),6.4,"Comedy, Drama, Family",94 min,Jeffrey Hornaday,"Sarah Hyland,Matt Prokop,Sasha Pieterse,Jordan Nichols,","11,361",
469,"Good Luck Charlie, It's Christmas! (2011 TV Movie)",6.4,"Comedy, Drama, Family",90 min,Arlene Sanford,"Bridgit Mendler,Leigh-Allyn Baker,Bradley Steven Perry,Mia Talerico,","5,131",
470,Phineas and Ferb the Movie: Across the 2nd Dimension (2011 TV Movie),7.4,"Animation, Action, Adventure",78 min,Robert Hughes,"Dan Povenmire,Jay Lender,Jeff 'Swampy' Marsh,Kyle Menke,Vincent Martella,Ashley Tisdale,Thomas Brodie-Sangster,Caroline Rhea,","8,990",
471,Cars 2 (2011),6.1,"Animation, Adventure, Comedy",106 min,John Lasseter,"Bradford Lewis,Owen Wilson,Larry the Cable Guy,Michael Caine,Emily Mortimer,","161,248",U
472,Pirates of the Caribbean: On Stranger Tides (2011),6.6,"Action, Adventure, Fantasy",137 min,Rob Marshall,"Johnny Depp,Penélope Cruz,Ian McShane,Geoffrey Rush,","481,424",UA
473,Spooky Buddies (2011 Video),4.6,"Family, Fantasy",88 min,Robert Vince,"Tucker Albrizzi,Diedrich Bader,Ameko Eks Mass Carroll,Max Charles,","1,671",
474,The Muppets (2011),7.1,"Adventure, Comedy, Family",120 min,James Bobin,"Amy Adams,Jason Segel,Chris Cooper,Rashida Jones,","87,526",U
475,Anaganaga O Dheerudu (2011),5.2,"Action, Adventure, Family",133 min,Prakash Kovelamudi,"Siddharth,Shruti Haasan,Lakshmi Manchu,Ravi Babu,",500,U
476,The Suite Life Movie (2011 TV Movie),5.3,"Adventure, Comedy, Crime",79 min,Sean McNamara,"Cole Sprouse,Dylan Sprouse,Brenda Song,Debby Ryan,","3,391",
477,Sharpay's Fabulous Adventure (2011 Video),4.7,"Comedy, Drama, Family",90 min,Michael Lembeck,"Ashley Tisdale,Austin Butler,Cameron Goodman,Bradley Steven Perry,","5,956",
478,Lemonade Mouth (2011 TV Movie),6.9,"Comedy, Drama, Family",103 min,Patricia Riggen,"Bridgit Mendler,Adam Hicks,Hayley Kiyoko,Naomi Scott,","14,818",
479,Winnie the Pooh (2011),7.2,"Animation, Adventure, Comedy",63 min,Stephen J. Anderson,"Don Hall,Jim Cummings,Craig Ferguson,John Cleese,Bud Luckey,","21,935",
480,Beverly Hills Chihuahua 2 (2011 Video),4.2,"Adventure, Comedy, Family",85 min,Alex Zamm,"Marcus Coloma,Erin Cahill,Susan Blakely,Lupe Ontiveros,","3,459",
481,Prom (2011),5.4,"Comedy, Drama, Family",104 min,Joe Nussbaum,"Aimee Teegarden,Thomas McDonell,DeVaughn Nixon,Danielle Campbell,","14,830",PG
482,Secret of the Wings (2012),7.1,"Animation, Family, Fantasy",75 min,Roberts Gannaway,"Peggy Holmes,Mae Whitman,Lucy Hale,Timothy Dalton,Jeff Bennett,","10,684",
483,Girl Vs,5.5,"Action, Adventure, Comedy",89 min,Stuart Gillard,"Olivia Holt,Kerris Dorsey,Brendan Meyer,Katherine McNamara,","2,659",
484,Santa Paws 2: The Santa Pups (2012),4.9,"Adventure, Family",88 min,Robert Vince,"Cheryl Ladd,George Newbern,Danny Woodburn,Obba Babatundé,","1,177",
485,Sofia the First (2012–2018)  Episode: Once Upon a Princess (2012),6.7,"Animation, Adventure, Family",47 min,Jamie Mitchell,"Ariel Winter,Sara Ramirez,Jim Cummings,Jess Harnell,",906,
486,Radio Rebel (2012 TV Movie),5.9,"Comedy, Drama, Family",85 min,Peter Howitt,"Debby Ryan,Sarena Parmar,Adam DiMarco,Atticus Mitchell,","8,583",
487,Let It Shine (2012 TV Movie),6.4,"Drama, Family, Music",104 min,Paul Hoen,"Tyler James Williams,Coco Jones,Trevor Jackson,Brandon Mychal Smith,","2,974",
488,Beverly Hills Chihuahua 3: Viva La Fiesta! (2012 Video),4.4,"Adventure, Comedy, Family",89 min,Lev L. Spiro,"Marcus Coloma,Erin Cahill,Cedric Yarbrough,Frances Fisher,","1,722",
489,Treasure Buddies (2012 Video),4.5,"Comedy, Family",93 min,Robert Vince,"Tucker Albrizzi,Adam Alexi-Malle,Tim Conway,Mason Cook,","1,629",G
490,Kari-gurashi no Arietti (2010),7.6,"Animation, Adventure, Family",94 min,Hiromasa Yonebayashi,"Amy Poehler,Mirai Shida,Ryûnosuke Kamiki,Tatsuya Fujiwara,","80,991",U
491,Frankenweenie (2012),6.9,"Animation, Comedy, Family",87 min,Tim Burton,"Winona Ryder,Catherine O'Hara,Martin Short,Martin Landau,","98,471",U
492,Wreck-It Ralph (2012),7.7,"Animation, Adventure, Comedy",101 min,Rich Moore,"John C. Reilly,Jack McBrayer,Jane Lynch,Sarah Silverman,","380,336",U
493,Frenemies (2012 TV Movie),5,"Comedy, Drama, Family",87 min,Daisy von Scherler Mayer,"Bella Thorne,Zendaya,Mary Mouser,Nick Robinson,","4,224",
494,The Odd Life of Timothy Green (2012),6.6,"Comedy, Drama, Family",105 min,Peter Hedges,"Jennifer Garner,Joel Edgerton,CJ Adams,Odeya Rush,","44,971",PG
495,John Carter (2012),6.6,"Action, Adventure, Sci-Fi",132 min,Andrew Stanton,"Taylor Kitsch,Lynn Collins,Willem Dafoe,Samantha Morton,","254,939",UA
496,Brave (2012),7.1,"Animation, Adventure, Comedy",93 min,Mark Andrews,"Brenda Chapman,Steve Purcell,Kelly Macdonald,Billy Connolly,Emma Thompson,Julie Walters,","373,404",U
497,Monsters University (2013),7.3,"Animation, Adventure, Comedy",104 min,Dan Scanlon,"Billy Crystal,John Goodman,Steve Buscemi,Helen Mirren,","322,623",U
498,Teen Beach Movie (2013 TV Movie),5.9,"Family, Fantasy, Musical",110 min,Jeffrey Hornaday,"Ross Lynch,Maia Mitchell,Gracie Gillam,Garrett Clayton,","9,706",
499,Saving Mr,7.5,"Biography, Comedy, Drama",125 min,John Lee Hancock,"Emma Thompson,Tom Hanks,Annie Rose Buckley,Colin Farrell,","152,164",U
500,Planes (2013),,"Animation, Adventure, Comedy",91 min,Klay Hall,"Carlos Alazraqui,Dane Cook,Stacy Keach,Brad Garrett,","42,386",U
501,Super Buddies (2013 Video),,Family,81 min,Robert Vince,"Trey Loney,John Ratzenberger,Michael Teigen,Sam Adler,","1,179",G
502,Frozen (I) (2013),7.4,"Animation, Adventure, Comedy",102 min,Chris Buck,"Jennifer Lee,Kristen Bell,Idina Menzel,Jonathan Groff,Josh Gad,","572,928",U
503,Oz the Great and Powerful (2013),6.3,"Adventure, Family, Fantasy",130 min,Sam Raimi,"James Franco,Michelle Williams,Rachel Weisz,Mila Kunis,","199,095",UA
504,The Lone Ranger (2013),6.4,"Action, Adventure, Western",150 min,Gore Verbinski,"Johnny Depp,Armie Hammer,William Fichtner,Tom Wilkinson,","221,480",UA
505,How to Build a Better Boy (2014 TV Movie),5.5,"Comedy, Family, Sci-Fi",90 min,Paul Hoen,"China Anne McClain,Kelli Berglund,Marshall Williams,Matt Shively,","2,708",
506,Zapped (2014 TV Movie),5.1,"Comedy, Family, Fantasy",102 min,Peter DeLuise,"Zendaya,Chanelle Peloso,Spencer Boldman,Emilia McCarthy,","4,178",
507,Cloud 9 (2014 TV Movie),6.6,"Drama, Family, Sport",85 min,Paul Hoen,"Luke Benward,Dove Cameron,Mike Manning,Kiersey Clemons,","4,025",
508,The Pirate Fairy (2014 Video),6.6,"Animation, Adventure, Family",78 min,Peggy Holmes,"Mae Whitman,Christina Hendricks,Tom Hiddleston,Lucy Liu,","12,107",G
509,Into the Woods (2014),5.9,"Adventure, Comedy, Drama",125 min,Rob Marshall,"Anna Kendrick,Meryl Streep,Chris Pine,Emily Blunt,","132,582",PG
510,"Alexander and the Terrible, Horrible, No Good, Very Bad Day (2014)",6.2,"Comedy, Family",81 min,Miguel Arteta,"Steve Carell,Jennifer Garner,Ed Oxenbould,Dylan Minnette,","40,865",PG
511,Million Dollar Arm (2014),7,"Biography, Drama, Sport",124 min,Craig Gillespie,"Jon Hamm,Aasif Mandvi,Alan Arkin,Suraj Sharma,","43,573",PG
512,Planes: Fire & Rescue (2014),6,"Animation, Adventure, Comedy",83 min,Roberts Gannaway,"Dane Cook,Ed Harris,Julie Bowen,Curtis Armstrong,","16,664",U
513,Big Hero 6 (2014),7.8,"Animation, Action, Adventure",102 min,Don Hall,"Chris Williams,Ryan Potter,Scott Adsit,Jamie Chung,T.J. Miller,","411,135",U
514,Muppets Most Wanted (2014),6.4,"Adventure, Comedy, Crime",107 min,James Bobin,"Ricky Gervais,Ty Burrell,Tina Fey,Steve Whitmire,","31,781",U
515,Maleficent (2014),7,"Action, Adventure, Family",97 min,Robert Stromberg,"Angelina Jolie,Elle Fanning,Sharlto Copley,Lesley Manville,","344,604",U
516,"McFarland, USA (2015)",7.4,"Biography, Drama, Sport",129 min,Niki Caro,"Kevin Costner,Maria Bello,Ramiro Rodriguez,Carlos Pratts,","35,464",PG
517,Teen Beach 2 (2015 TV Movie),6.1,"Family, Fantasy, Musical",104 min,Jeffrey Hornaday,"Ross Lynch,Maia Mitchell,Gracie Gillam,Garrett Clayton,","3,847",
518,Tinker Bell and the Legend of the NeverBeast (2014 Video),7.2,"Animation, Adventure, Family",76 min,Steve Loter,"Ginnifer Goodwin,Mae Whitman,Rosario Dawson,Lucy Liu,","7,563",G
519,Bad Hair Day (2015 TV Movie),5.9,"Adventure, Comedy, Family",87 min,Erik Canuel,"Laura Marano,Leigh-Allyn Baker,Christian Campbell,Alain Goulem,","2,697",
520,Descendants (2015 TV Movie),6.4,"Comedy, Family, Fantasy",112 min,Kenny Ortega,"Dove Cameron,Cameron Boyce,Booboo Stewart,Sofia Carson,","16,240",
521,Tomorrowland (2015),6.4,"Action, Adventure, Family",130 min,Brad Bird,"George Clooney,Britt Robertson,Hugh Laurie,Raffey Cassidy,","172,127",PG
522,Inside Out (I) (2015),8.1,"Animation, Adventure, Comedy",95 min,Pete Docter,"Ronnie Del Carmen,Amy Poehler,Bill Hader,Lewis Black,Mindy Kaling,","616,638",U
523,Cinderella (I) (2015),6.9,"Drama, Family, Fantasy",105 min,Kenneth Branagh,"Lily James,Cate Blanchett,Richard Madden,Helena Bonham Carter,","160,997",U
524,The Good Dinosaur (2015),6.7,"Animation, Adventure, Comedy",93 min,Peter Sohn,"Jeffrey Wright,Frances McDormand,Maleah Nipay-Padilla,Ryan Teeple,","102,194",U
525,Moana (I) (2016),7.6,"Animation, Adventure, Comedy",107 min,Ron Clements,"John Musker,Don Hall,Chris Williams,Auli'i Cravalho,Dwayne Johnson,Rachel House,Temuera Morrison,","272,960",U
526,The Jungle Book (2016),7.4,"Adventure, Drama, Family",106 min,Jon Favreau,"Neel Sethi,Bill Murray,Ben Kingsley,Idris Elba,","259,227",UA
527,Alice Through the Looking Glass (2016),6.2,"Adventure, Family, Fantasy",113 min,James Bobin,"Mia Wasikowska,Johnny Depp,Helena Bonham Carter,Anne Hathaway,","93,868",U
528,Zootopia (2016),8,"Animation, Adventure, Comedy",108 min,Byron Howard,"Rich Moore,Jared Bush,Ginnifer Goodwin,Jason Bateman,Idris Elba,Jenny Slate,","434,344",U
529,Finding Dory (2016),7.3,"Animation, Adventure, Comedy",97 min,Andrew Stanton,"Angus MacLane,Ellen DeGeneres,Albert Brooks,Ed O'Neill,Kaitlin Olson,","240,870",U
530,Queen of Katwe (2016),7.4,"Biography, Drama, Sport",124 min,Mira Nair,"Madina Nalwanga,David Oyelowo,Lupita Nyong'o,Martin Kabanza,","15,607",PG
531,Adventures in Babysitting (2016 TV Movie),6,"Adventure, Comedy, Family",105 min,John Schultz,"Sabrina Carpenter,Sofia Carson,Nikki Hahn,Mallory James Mahoney,","3,084",
532,Pete's Dragon (2016),6.7,"Action, Adventure, Comedy",102 min,David Lowery,"Bryce Dallas Howard,Robert Redford,Oakes Fegley,Oona Laurence,","54,158",UA
533,The Finest Hours (2016),6.8,"Action, Drama, History",117 min,Craig Gillespie,"Chris Pine,Casey Affleck,Ben Foster,Eric Bana,","62,021",U
534,The Swap (2016 TV Movie),6.1,"Comedy, Family, Fantasy",100 min,Jay Karas,"Peyton List,Jacob Bertrand,Claire Rankin,Darrin Rose,","1,725",
535,The BFG (2016),6.4,"Adventure, Family, Fantasy",117 min,Steven Spielberg,"Mark Rylance,Ruby Barnhill,Penelope Wilton,Jemaine Clement,","77,732",UA
536,Cars 3 (2017),6.7,"Animation, Adventure, Comedy",102 min,Brian Fee,"Owen Wilson,Cristela Alonzo,Chris Cooper,Nathan Fillion,","76,638",U
537,Coco (I) (2017),8.4,"Animation, Adventure, Family",105 min,Lee Unkrich,"Adrian Molina,Anthony Gonzalez,Gael García Bernal,Benjamin Bratt,Alanna Ubach,","384,649",U
538,Pirates of the Caribbean: Dead Men Tell No Tales (2017),6.5,"Action, Adventure, Fantasy",129 min,Joachim Rønning,"Espen Sandberg,Johnny Depp,Geoffrey Rush,Javier Bardem,Orlando Bloom,","263,960",UA
539,Descendants 2 (2017 TV Movie),6.5,"Action, Adventure, Family",111 min,Kenny Ortega,"Dove Cameron,Cameron Boyce,Sofia Carson,Booboo Stewart,","8,544",
540,Beauty and the Beast (I) (2017),7.1,"Family, Fantasy, Musical",129 min,Bill Condon,"Emma Watson,Dan Stevens,Luke Evans,Josh Gad,","274,633",UA
541,Toy Story 4 (2019),7.8,"Animation, Adventure, Comedy",100 min,Josh Cooley,"Tom Hanks,Tim Allen,Annie Potts,Tony Hale,","203,413",U
